Adj_Close,Close,Date,High,Low,Open,Symbol,Volume
835.23999,835.23999,2017-03-01,836.255005,827.26001,828.849976,GOOG,1491400
823.210022,823.210022,2017-02-28,828.539978,820.200012,825.609985,GOOG,2252300
829.280029,829.280029,2017-02-27,830.50,824.00,824.549988,GOOG,1099500
828.640015,828.640015,2017-02-24,829.00,824.200012,827.72998,GOOG,1386600
831.330017,831.330017,2017-02-23,832.460022,822.880005,830.119995,GOOG,1470100
830.76001,830.76001,2017-02-22,833.25,828.640015,828.659973,GOOG,982900
831.659973,831.659973,2017-02-21,833.450012,828.349976,828.659973,GOOG,1247700
828.070007,828.070007,2017-02-17,828.070007,821.655029,823.02002,GOOG,1597800
824.159973,824.159973,2017-02-16,824.400024,818.97998,819.929993,GOOG,1281700
818.97998,818.97998,2017-02-15,823.00,818.469971,819.359985,GOOG,1304000
820.450012,820.450012,2017-02-14,823.00,816.00,819.00,GOOG,1053600
819.23999,819.23999,2017-02-13,820.958984,815.48999,816.00,GOOG,1198100
813.669983,813.669983,2017-02-10,815.25,809.780029,811.700012,GOOG,1129100
809.559998,809.559998,2017-02-09,810.659973,804.539978,809.51001,GOOG,989700
808.380005,808.380005,2017-02-08,811.840027,803.190002,807.00,GOOG,1155300
806.969971,806.969971,2017-02-07,810.50,801.780029,803.98999,GOOG,1235200
801.340027,801.340027,2017-02-06,801.669983,795.25,799.700012,GOOG,1174200
801.48999,801.48999,2017-02-03,806.00,800.369995,802.98999,GOOG,1460400
798.530029,798.530029,2017-02-02,802.700012,792.00,793.799988,GOOG,1525800
795.695007,795.695007,2017-02-01,801.190002,791.190002,799.679993,GOOG,2023300
796.789978,796.789978,2017-01-31,801.25,790.52002,796.859985,GOOG,2143500
802.320007,802.320007,2017-01-30,815.840027,799.799988,814.659973,GOOG,3228900
823.309998,823.309998,2017-01-27,841.950012,820.440002,834.710022,GOOG,2951800
832.150024,832.150024,2017-01-26,838.00,827.01001,837.809998,GOOG,2734400
835.669983,835.669983,2017-01-25,835.77002,825.059998,829.619995,GOOG,1494500
823.869995,823.869995,2017-01-24,825.900024,817.820984,822.299988,GOOG,1461000
819.309998,819.309998,2017-01-23,820.869995,803.73999,807.25,GOOG,1901600
805.02002,805.02002,2017-01-20,806.909973,801.690002,806.909973,GOOG,1645000
802.174988,802.174988,2017-01-19,809.47998,801.799988,805.119995,GOOG,912000
806.070007,806.070007,2017-01-18,806.205017,800.98999,805.809998,GOOG,1293300
804.609985,804.609985,2017-01-17,807.140015,800.369995,807.080017,GOOG,1355800
807.880005,807.880005,2017-01-13,811.223999,806.690002,807.47998,GOOG,1090100
806.359985,806.359985,2017-01-12,807.390015,799.169983,807.140015,GOOG,1351000
807.909973,807.909973,2017-01-11,808.150024,801.369995,805.00,GOOG,1057900
804.789978,804.789978,2017-01-10,809.130005,803.51001,807.859985,GOOG,1174300
806.650024,806.650024,2017-01-09,809.966003,802.830017,806.400024,GOOG,1272400
806.150024,806.150024,2017-01-06,807.900024,792.203979,795.26001,GOOG,1620500
794.02002,794.02002,2017-01-05,794.47998,785.02002,786.080017,GOOG,1315400
786.900024,786.900024,2017-01-04,791.340027,783.159973,788.359985,GOOG,1065400
786.140015,786.140015,2017-01-03,789.630005,775.799988,778.809998,GOOG,1643100
771.820007,771.820007,2016-12-30,782.780029,770.409973,782.75,GOOG,1760200
782.789978,782.789978,2016-12-29,785.929993,778.919983,783.330017,GOOG,742200
785.049988,785.049988,2016-12-28,794.22998,783.200012,793.700012,GOOG,1132700
791.549988,791.549988,2016-12-27,797.859985,787.656982,790.679993,GOOG,789100
789.909973,789.909973,2016-12-23,792.73999,787.280029,790.900024,GOOG,623400
791.26001,791.26001,2016-12-22,793.320007,788.580017,792.359985,GOOG,969100
794.559998,794.559998,2016-12-21,796.676025,787.099976,795.840027,GOOG,1208700
796.419983,796.419983,2016-12-20,798.650024,793.27002,796.76001,GOOG,925100
794.200012,794.200012,2016-12-19,797.659973,786.27002,790.219971,GOOG,1225900
790.799988,790.799988,2016-12-16,800.856018,790.289978,800.400024,GOOG,2428300
797.849976,797.849976,2016-12-15,803.00,792.919983,797.340027,GOOG,1623700
797.070007,797.070007,2016-12-14,804.00,794.01001,797.400024,GOOG,1664500
796.099976,796.099976,2016-12-13,804.380005,793.340027,793.900024,GOOG,2119800
789.27002,789.27002,2016-12-12,791.25,784.35498,785.039978,GOOG,2097100
789.289978,789.289978,2016-12-09,789.429993,779.020996,780.00,GOOG,1780500
776.419983,776.419983,2016-12-08,778.179993,767.22998,772.47998,GOOG,1448200
771.190002,771.190002,2016-12-07,771.359985,755.799988,761.00,GOOG,1750800
759.109985,759.109985,2016-12-06,768.830017,757.340027,764.72998,GOOG,1632800
762.52002,762.52002,2016-12-05,763.900024,752.900024,757.710022,GOOG,1382900
750.50,750.50,2016-12-02,754.00,743.099976,744.590027,GOOG,1448700
747.919983,747.919983,2016-12-01,759.849976,737.025024,757.440002,GOOG,2996900
758.039978,758.039978,2016-11-30,772.98999,754.830017,770.070007,GOOG,2365800
770.840027,770.840027,2016-11-29,778.50,768.23999,771.530029,GOOG,1604500
768.23999,768.23999,2016-11-28,779.530029,759.799988,760.00,GOOG,2172200
761.679993,761.679993,2016-11-25,765.00,760.52002,764.26001,GOOG,586000
760.98999,760.98999,2016-11-23,768.28302,755.25,767.72998,GOOG,1477400
768.27002,768.27002,2016-11-22,776.960022,767.00,772.630005,GOOG,1591800
769.200012,769.200012,2016-11-21,769.700012,760.599976,762.609985,GOOG,1323000
760.539978,760.539978,2016-11-18,775.00,760.00,771.369995,GOOG,1526200
771.22998,771.22998,2016-11-17,772.700012,764.22998,766.919983,GOOG,1287000
764.47998,764.47998,2016-11-16,766.359985,750.51001,755.200012,GOOG,1465200
758.48999,758.48999,2016-11-15,764.416016,746.969971,746.969971,GOOG,2341200
736.080017,736.080017,2016-11-14,757.849976,727.539978,755.599976,GOOG,3631700
754.02002,754.02002,2016-11-11,760.780029,750.380005,756.539978,GOOG,2394000
762.559998,762.559998,2016-11-10,791.169983,752.179993,791.169983,GOOG,4740100
785.309998,785.309998,2016-11-09,791.22699,771.669983,779.940002,GOOG,2602700
790.51001,790.51001,2016-11-08,795.632996,780.190002,783.400024,GOOG,1350800
782.52002,782.52002,2016-11-07,785.190002,772.549988,774.50,GOOG,1585100
762.02002,762.02002,2016-11-04,770.359985,750.560974,750.659973,GOOG,2134800
762.130005,762.130005,2016-11-03,769.950012,759.030029,767.25,GOOG,1943200
768.700012,768.700012,2016-11-02,781.650024,763.450012,778.200012,GOOG,1872400
783.609985,783.609985,2016-11-01,789.48999,775.539978,782.890015,GOOG,2406400
784.539978,784.539978,2016-10-31,796.859985,784.00,795.469971,GOOG,2427300
795.369995,795.369995,2016-10-28,815.48999,793.590027,808.349976,GOOG,4269900
795.349976,795.349976,2016-10-27,803.48999,791.50,801.00,GOOG,2749200
799.070007,799.070007,2016-10-26,806.97998,796.320007,806.340027,GOOG,1647700
807.669983,807.669983,2016-10-25,816.679993,805.140015,816.679993,GOOG,1576400
813.109985,813.109985,2016-10-24,815.179993,804.820007,804.900024,GOOG,1697500
799.369995,799.369995,2016-10-21,799.50,794.00,795.00,GOOG,1266200
796.969971,796.969971,2016-10-20,803.969971,796.030029,803.299988,GOOG,1757500
801.50,801.50,2016-10-19,804.599976,798.030029,798.23999,GOOG,1766800
795.26001,795.26001,2016-10-18,801.609985,785.565002,787.849976,GOOG,2056900
779.960022,779.960022,2016-10-17,785.849976,777.50,779.799988,GOOG,1093000
778.530029,778.530029,2016-10-14,783.950012,776.00,781.650024,GOOG,852500
778.190002,778.190002,2016-10-13,781.219971,773.00,781.219971,GOOG,1365300
786.140015,786.140015,2016-10-12,788.130005,782.059998,783.76001,GOOG,937400
783.070007,783.070007,2016-10-11,792.280029,780.580017,786.659973,GOOG,1372500
785.940002,785.940002,2016-10-10,789.380005,775.869995,777.710022,GOOG,1174900
775.080017,775.080017,2016-10-07,779.659973,770.75,779.659973,GOOG,933200
776.859985,776.859985,2016-10-06,780.47998,775.539978,779.00,GOOG,1070700
776.469971,776.469971,2016-10-05,782.070007,775.650024,779.309998,GOOG,1461200
776.429993,776.429993,2016-10-04,778.710022,772.890015,776.030029,GOOG,1201400
772.559998,772.559998,2016-10-03,776.065002,769.50,774.25,GOOG,1278800
777.289978,777.289978,2016-09-30,780.940002,774.090027,776.330017,GOOG,1585300
775.01001,775.01001,2016-09-29,785.799988,774.231995,781.440002,GOOG,1314700
781.559998,781.559998,2016-09-28,781.809998,774.969971,777.849976,GOOG,1109800
783.01001,783.01001,2016-09-27,785.98999,774.307983,775.50,GOOG,1153200
774.210022,774.210022,2016-09-26,782.73999,773.070007,782.73999,GOOG,1533200
786.900024,786.900024,2016-09-23,788.929993,784.150024,786.590027,GOOG,1411900
787.210022,787.210022,2016-09-22,789.849976,778.440002,780.00,GOOG,1486200
776.219971,776.219971,2016-09-21,777.159973,768.301025,772.659973,GOOG,1167800
771.409973,771.409973,2016-09-20,773.330017,768.530029,769.00,GOOG,978600
765.700012,765.700012,2016-09-19,774.00,764.440979,772.419983,GOOG,1172800
768.880005,768.880005,2016-09-16,769.75,764.659973,769.75,GOOG,2049300
771.76001,771.76001,2016-09-15,773.799988,759.960022,762.890015,GOOG,1305100
762.48999,762.48999,2016-09-14,767.679993,759.109985,759.609985,GOOG,1087400
759.690002,759.690002,2016-09-13,766.219971,755.799988,764.47998,GOOG,1395000
769.02002,769.02002,2016-09-12,770.289978,754.00,755.130005,GOOG,1311000
759.659973,759.659973,2016-09-09,773.244995,759.659973,770.099976,GOOG,1885500
775.320007,775.320007,2016-09-08,780.349976,773.580017,778.590027,GOOG,1270300
780.349976,780.349976,2016-09-07,782.72998,776.200012,780.00,GOOG,893700
780.080017,780.080017,2016-09-06,782.00,771.00,773.450012,GOOG,1442800
771.460022,771.460022,2016-09-02,773.919983,768.409973,773.01001,GOOG,1072700
768.780029,768.780029,2016-09-01,771.02002,764.299988,769.25,GOOG,925100
767.049988,767.049988,2016-08-31,769.090027,765.380005,767.01001,GOOG,1248600
769.090027,769.090027,2016-08-30,774.466003,766.840027,769.330017,GOOG,1130000
772.150024,772.150024,2016-08-29,774.98999,766.61499,768.73999,GOOG,847600
769.539978,769.539978,2016-08-26,776.080017,765.849976,769.00,GOOG,1166700
769.409973,769.409973,2016-08-25,771.890015,763.184998,767.00,GOOG,926900
769.640015,769.640015,2016-08-24,774.50,767.070007,770.580017,GOOG,1072000
772.080017,772.080017,2016-08-23,776.440002,771.784973,775.47998,GOOG,928200
772.150024,772.150024,2016-08-22,774.539978,770.049988,773.27002,GOOG,951400
775.419983,775.419983,2016-08-19,777.099976,773.130005,775.00,GOOG,861500
777.50,777.50,2016-08-18,782.859985,777.00,780.01001,GOOG,719400
779.909973,779.909973,2016-08-17,780.809998,773.530029,777.320007,GOOG,924200
777.140015,777.140015,2016-08-16,780.97998,773.44397,780.299988,GOOG,1028000
782.440002,782.440002,2016-08-15,787.48999,780.109985,783.75,GOOG,938200
783.219971,783.219971,2016-08-12,783.39502,780.400024,781.50,GOOG,740500
784.849976,784.849976,2016-08-11,789.75,782.969971,785.00,GOOG,975100
784.679993,784.679993,2016-08-10,786.812012,782.778015,783.75,GOOG,786400
784.26001,784.26001,2016-08-09,788.940002,780.570007,781.099976,GOOG,1318900
781.76001,781.76001,2016-08-08,782.630005,778.091003,782.00,GOOG,1107900
782.219971,782.219971,2016-08-05,783.039978,772.340027,773.780029,GOOG,1801200
771.609985,771.609985,2016-08-04,774.070007,768.794983,772.219971,GOOG,1140300
773.179993,773.179993,2016-08-03,773.210022,766.820007,767.179993,GOOG,1287400
771.070007,771.070007,2016-08-02,775.840027,767.849976,768.690002,GOOG,1784500
772.880005,772.880005,2016-08-01,780.429993,761.090027,761.090027,GOOG,2700500
768.789978,768.789978,2016-07-29,778.549988,766.77002,772.710022,GOOG,3841500
745.909973,745.909973,2016-07-28,748.650024,739.299988,747.039978,GOOG,3530200
741.77002,741.77002,2016-07-27,744.460022,737.00,738.280029,GOOG,1512500
738.419983,738.419983,2016-07-26,741.690002,734.27002,739.039978,GOOG,1186700
739.77002,739.77002,2016-07-25,742.609985,737.50,740.669983,GOOG,1032400
742.73999,742.73999,2016-07-22,743.23999,736.559998,741.859985,GOOG,1259800
738.630005,738.630005,2016-07-21,741.690002,735.830994,740.359985,GOOG,1026300
741.190002,741.190002,2016-07-20,742.130005,737.099976,737.330017,GOOG,1289700
736.960022,736.960022,2016-07-19,736.98999,729.00,729.890015,GOOG,1227500
733.780029,733.780029,2016-07-18,736.130005,721.190002,722.710022,GOOG,1295500
719.849976,719.849976,2016-07-15,725.73999,719.054993,725.72998,GOOG,1279300
720.950012,720.950012,2016-07-14,722.210022,718.030029,721.580017,GOOG,950200
716.97998,716.97998,2016-07-13,724.00,716.849976,723.619995,GOOG,935900
720.640015,720.640015,2016-07-12,722.940002,715.909973,719.119995,GOOG,1336900
715.090027,715.090027,2016-07-11,716.51001,707.23999,708.049988,GOOG,1111800
705.630005,705.630005,2016-07-08,705.710022,696.434998,699.50,GOOG,1575200
695.359985,695.359985,2016-07-07,698.200012,688.215027,698.080017,GOOG,1304200
697.77002,697.77002,2016-07-06,701.679993,689.090027,689.97998,GOOG,1411900
694.950012,694.950012,2016-07-05,696.940002,688.880005,696.059998,GOOG,1462600
699.210022,699.210022,2016-07-01,700.650024,692.130005,692.200012,GOOG,1344700
692.099976,692.099976,2016-06-30,692.320007,683.650024,685.469971,GOOG,1597700
684.109985,684.109985,2016-06-29,687.429016,681.409973,683.00,GOOG,1932600
680.039978,680.039978,2016-06-28,680.330017,673.00,678.969971,GOOG,2173800
668.26001,668.26001,2016-06-27,672.299988,663.283997,671.00,GOOG,2629000
675.219971,675.219971,2016-06-24,689.400024,673.450012,675.169983,GOOG,4449000
701.869995,701.869995,2016-06-23,701.950012,687.00,697.450012,GOOG,2171400
697.460022,697.460022,2016-06-22,700.859985,693.08197,699.059998,GOOG,1184300
695.940002,695.940002,2016-06-21,702.77002,692.01001,698.400024,GOOG,1465600
693.710022,693.710022,2016-06-20,702.47998,693.409973,698.77002,GOOG,2082500
691.719971,691.719971,2016-06-17,708.820007,688.452026,708.650024,GOOG,3402400
710.359985,710.359985,2016-06-16,716.650024,703.26001,714.909973,GOOG,1982500
718.919983,718.919983,2016-06-15,722.97998,717.309998,719.00,GOOG,1214500
718.27002,718.27002,2016-06-14,722.469971,713.119995,716.47998,GOOG,1306100
718.359985,718.359985,2016-06-13,725.440002,716.51001,716.51001,GOOG,1258900
719.409973,719.409973,2016-06-10,725.890015,716.429993,719.469971,GOOG,1216400
728.580017,728.580017,2016-06-09,729.539978,722.335999,722.869995,GOOG,988900
728.280029,728.280029,2016-06-08,728.570007,720.580017,723.960022,GOOG,1583700
716.650024,716.650024,2016-06-07,721.97998,716.549988,719.840027,GOOG,1336200
716.549988,716.549988,2016-06-06,724.909973,714.609985,724.909973,GOOG,1565300
722.340027,722.340027,2016-06-03,729.48999,720.559998,729.27002,GOOG,1226300
730.400024,730.400024,2016-06-02,733.02002,724.169983,732.50,GOOG,1341800
734.150024,734.150024,2016-06-01,737.210022,730.659973,734.530029,GOOG,1253600
735.719971,735.719971,2016-05-31,739.72998,731.26001,731.73999,GOOG,2129500
732.659973,732.659973,2016-05-27,733.935974,724.00,724.01001,GOOG,1974000
724.119995,724.119995,2016-05-26,728.330017,720.280029,722.869995,GOOG,1576300
725.27002,725.27002,2016-05-25,727.51001,719.705017,720.76001,GOOG,1629200
720.090027,720.090027,2016-05-24,720.969971,706.859985,706.859985,GOOG,1929500
704.23999,704.23999,2016-05-23,711.478027,704.179993,706.530029,GOOG,1330700
709.73999,709.73999,2016-05-20,714.580017,700.52002,701.619995,GOOG,1828400
700.320007,700.320007,2016-05-19,706.00,696.799988,702.359985,GOOG,1670200
706.630005,706.630005,2016-05-18,711.599976,700.630005,703.669983,GOOG,1766800
706.22998,706.22998,2016-05-17,721.52002,704.109985,715.98999,GOOG,2001200
716.48999,716.48999,2016-05-16,718.47998,705.650024,709.130005,GOOG,1317100
710.830017,710.830017,2016-05-13,716.661987,709.26001,711.929993,GOOG,1314500
713.309998,713.309998,2016-05-12,719.25,709.00,717.059998,GOOG,1360700
715.289978,715.289978,2016-05-11,724.47998,712.799988,723.409973,GOOG,1692100
723.179993,723.179993,2016-05-10,723.50,715.719971,716.75,GOOG,1569600
712.900024,712.900024,2016-05-09,718.710022,710.00,712.00,GOOG,1510300
711.119995,711.119995,2016-05-06,711.859985,698.106995,698.380005,GOOG,1826100
701.429993,701.429993,2016-05-05,702.320007,695.719971,697.700012,GOOG,1683500
695.700012,695.700012,2016-05-04,699.75,689.01001,690.48999,GOOG,1693500
692.359985,692.359985,2016-05-03,697.840027,692.00,696.869995,GOOG,1543800
698.210022,698.210022,2016-05-02,700.640015,691.00,697.630005,GOOG,1645300
693.01001,693.01001,2016-04-29,697.619995,689.00,690.700012,GOOG,2487700
691.02002,691.02002,2016-04-28,714.169983,689.549988,708.26001,GOOG,2867300
705.840027,705.840027,2016-04-27,708.97998,692.36499,707.289978,GOOG,3098600
708.140015,708.140015,2016-04-26,725.765991,703.026001,725.419983,GOOG,2744600
723.150024,723.150024,2016-04-25,723.929993,715.590027,716.099976,GOOG,1959200
718.77002,718.77002,2016-04-22,736.119995,713.609985,726.299988,GOOG,5951900
759.140015,759.140015,2016-04-21,760.450012,749.549988,755.380005,GOOG,3060500
752.669983,752.669983,2016-04-20,758.132019,750.01001,758.00,GOOG,1529200
753.929993,753.929993,2016-04-19,769.900024,749.330017,769.51001,GOOG,2030500
766.609985,766.609985,2016-04-18,768.049988,757.299988,760.460022,GOOG,1556000
759.00,759.00,2016-04-15,761.00,752.69397,753.97998,GOOG,1809300
753.200012,753.200012,2016-04-14,757.309998,752.705017,754.01001,GOOG,1135300
751.719971,751.719971,2016-04-13,754.380005,744.260986,749.159973,GOOG,1707100
743.090027,743.090027,2016-04-12,743.830017,731.01001,738.00,GOOG,1353000
736.099976,736.099976,2016-04-11,745.00,736.049988,743.02002,GOOG,1220100
739.150024,739.150024,2016-04-08,745.450012,735.549988,743.969971,GOOG,1290800
740.280029,740.280029,2016-04-07,747.00,736.280029,745.369995,GOOG,1453200
745.690002,745.690002,2016-04-06,746.23999,735.559998,735.77002,GOOG,1053700
737.799988,737.799988,2016-04-05,742.799988,735.369995,738.00,GOOG,1132300
745.289978,745.289978,2016-04-04,752.799988,742.429993,750.059998,GOOG,1134200
749.909973,749.909973,2016-04-01,750.340027,737.00,738.599976,GOOG,1576700
744.950012,744.950012,2016-03-31,750.849976,740.940002,749.25,GOOG,1718800
750.530029,750.530029,2016-03-30,757.880005,748.73999,750.099976,GOOG,1782400
744.77002,744.77002,2016-03-29,747.25,728.76001,734.590027,GOOG,1903800
733.530029,733.530029,2016-03-28,738.98999,732.50,736.789978,GOOG,1301300
735.299988,735.299988,2016-03-24,737.747009,731.00,732.01001,GOOG,1594900
738.059998,738.059998,2016-03-23,745.719971,736.150024,742.359985,GOOG,1432100
740.75,740.75,2016-03-22,745.00,737.460022,737.460022,GOOG,1269700
742.090027,742.090027,2016-03-21,742.50,733.515991,736.50,GOOG,1836500
737.599976,737.599976,2016-03-18,742.00,731.830017,741.859985,GOOG,2980700
737.780029,737.780029,2016-03-17,743.070007,736.00,736.450012,GOOG,1860800
736.090027,736.090027,2016-03-16,737.469971,724.51001,726.369995,GOOG,1624400
728.330017,728.330017,2016-03-15,732.289978,724.77002,726.919983,GOOG,1721000
730.48999,730.48999,2016-03-14,735.50,725.150024,726.809998,GOOG,1718300
726.820007,726.820007,2016-03-11,726.919983,717.125,720.00,GOOG,1970800
712.820007,712.820007,2016-03-10,716.440002,703.359985,708.119995,GOOG,2833500
705.23999,705.23999,2016-03-09,705.679993,694.00,698.469971,GOOG,1421500
693.969971,693.969971,2016-03-08,703.789978,685.340027,688.590027,GOOG,2076300
695.159973,695.159973,2016-03-07,708.091003,686.900024,706.900024,GOOG,2985100
710.890015,710.890015,2016-03-04,716.48999,706.02002,714.98999,GOOG,1972100
712.419983,712.419983,2016-03-03,719.450012,706.02002,718.679993,GOOG,1958000
718.849976,718.849976,2016-03-02,720.00,712.00,719.00,GOOG,1629000
718.809998,718.809998,2016-03-01,718.809998,699.77002,703.619995,GOOG,2151400
697.77002,697.77002,2016-02-29,710.890015,697.679993,700.320007,GOOG,2481100
705.070007,705.070007,2016-02-26,713.429993,700.859985,708.580017,GOOG,2243500
705.75,705.75,2016-02-25,705.97998,690.585022,700.01001,GOOG,1642200
699.559998,699.559998,2016-02-24,700.00,680.780029,688.919983,GOOG,1963600
695.849976,695.849976,2016-02-23,708.400024,693.580017,701.450012,GOOG,2009300
706.460022,706.460022,2016-02-22,713.23999,702.51001,707.450012,GOOG,1949800
700.909973,700.909973,2016-02-19,703.080994,694.049988,695.030029,GOOG,1589300
697.349976,697.349976,2016-02-18,712.349976,696.030029,710.00,GOOG,1883200
708.400024,708.400024,2016-02-17,709.75,691.380005,698.090027,GOOG,2492600
691.00,691.00,2016-02-16,698.00,685.049988,692.97998,GOOG,2520000
682.400024,682.400024,2016-02-12,693.75,678.599976,690.26001,GOOG,2141400
683.109985,683.109985,2016-02-11,689.349976,668.867981,675.00,GOOG,3024000
684.119995,684.119995,2016-02-10,701.309998,682.130005,686.859985,GOOG,2638000
678.109985,678.109985,2016-02-09,699.900024,668.77002,672.320007,GOOG,3608900
682.73999,682.73999,2016-02-08,684.030029,663.059998,667.849976,GOOG,4247400
683.570007,683.570007,2016-02-05,703.98999,680.150024,703.869995,GOOG,5105700
708.01001,708.01001,2016-02-04,727.00,701.859985,722.809998,GOOG,5168700
726.950012,726.950012,2016-02-03,774.50,720.50,770.219971,GOOG,6171000
764.650024,764.650024,2016-02-02,789.869995,764.650024,784.50,GOOG,6348100
752.00,752.00,2016-02-01,757.859985,743.27002,750.460022,GOOG,5139200
742.950012,742.950012,2016-01-29,744.98999,726.799988,731.530029,GOOG,3474300
730.960022,730.960022,2016-01-28,733.690002,712.349976,722.219971,GOOG,2676400
699.98999,699.98999,2016-01-27,718.234985,694.390015,713.669983,GOOG,2194200
713.039978,713.039978,2016-01-26,718.280029,706.47998,713.849976,GOOG,1331700
711.669983,711.669983,2016-01-25,729.679993,710.01001,723.580017,GOOG,1711700
725.25,725.25,2016-01-22,728.130005,720.120972,723.599976,GOOG,2011800
706.590027,706.590027,2016-01-21,719.190002,694.460022,702.179993,GOOG,2412200
698.450012,698.450012,2016-01-20,706.849976,673.26001,688.609985,GOOG,3445000
701.789978,701.789978,2016-01-19,709.97998,693.409973,703.299988,GOOG,2268100
694.450012,694.450012,2016-01-15,706.73999,685.369995,692.289978,GOOG,3592400
714.719971,714.719971,2016-01-14,721.924988,689.099976,705.380005,GOOG,2225800
700.559998,700.559998,2016-01-13,734.73999,698.609985,730.849976,GOOG,2501700
726.070007,726.070007,2016-01-12,728.75,717.317017,721.679993,GOOG,2024500
716.030029,716.030029,2016-01-11,718.85498,703.539978,716.609985,GOOG,2090600
714.469971,714.469971,2016-01-08,733.22998,713.00,731.450012,GOOG,2450900
726.390015,726.390015,2016-01-07,738.50,719.059998,730.309998,GOOG,2963700
743.619995,743.619995,2016-01-06,747.179993,728.919983,730.00,GOOG,1947000
742.580017,742.580017,2016-01-05,752.00,738.640015,746.450012,GOOG,1950700
741.840027,741.840027,2016-01-04,744.059998,731.257996,743.00,GOOG,3272800
758.880005,758.880005,2015-12-31,769.50,758.340027,769.50,GOOG,1489600
771.00,771.00,2015-12-30,777.599976,766.900024,776.599976,GOOG,1293300
776.599976,776.599976,2015-12-29,779.97998,766.429993,766.690002,GOOG,1765000
762.51001,762.51001,2015-12-28,762.98999,749.52002,752.919983,GOOG,1515300
748.400024,748.400024,2015-12-24,751.349976,746.619995,749.549988,GOOG,527200
750.309998,750.309998,2015-12-23,754.210022,744.00,753.469971,GOOG,1565900
750.00,750.00,2015-12-22,754.849976,745.530029,751.650024,GOOG,1365400
747.77002,747.77002,2015-12-21,750.00,740.00,746.130005,GOOG,1525700
739.309998,739.309998,2015-12-18,754.130005,738.150024,746.51001,GOOG,3148700
749.429993,749.429993,2015-12-17,762.679993,749.00,762.419983,GOOG,1553400
758.090027,758.090027,2015-12-16,760.590027,739.434998,750.00,GOOG,1993300
743.400024,743.400024,2015-12-15,758.080017,743.01001,753.00,GOOG,2666200
747.77002,747.77002,2015-12-14,748.72998,724.169983,741.789978,GOOG,2412500
738.869995,738.869995,2015-12-11,745.710022,736.75,741.159973,GOOG,2224400
749.460022,749.460022,2015-12-10,755.849976,743.830017,752.849976,GOOG,1984900
751.609985,751.609985,2015-12-09,764.22998,737.000977,759.169983,GOOG,2700000
762.369995,762.369995,2015-12-08,764.799988,754.200012,757.890015,GOOG,1829500
763.25,763.25,2015-12-07,768.72998,755.090027,767.77002,GOOG,1812300
766.809998,766.809998,2015-12-04,768.48999,750.00,753.099976,GOOG,2757300
752.539978,752.539978,2015-12-03,768.994995,745.630005,766.01001,GOOG,2590600
762.380005,762.380005,2015-12-02,775.955017,758.960022,768.900024,GOOG,2230400
767.039978,767.039978,2015-12-01,768.950012,746.700012,747.109985,GOOG,2134600
742.599976,742.599976,2015-11-30,754.929993,741.27002,748.809998,GOOG,2097600
750.26001,750.26001,2015-11-27,753.409973,747.48999,748.460022,GOOG,838500
748.150024,748.150024,2015-11-25,752.00,746.059998,748.140015,GOOG,1122100
748.280029,748.280029,2015-11-24,755.278992,737.630005,752.00,GOOG,2333100
755.97998,755.97998,2015-11-23,762.708008,751.820007,757.450012,GOOG,1414500
756.599976,756.599976,2015-11-20,757.919983,743.00,746.530029,GOOG,2212300
738.409973,738.409973,2015-11-19,742.00,737.429993,738.73999,GOOG,1327100
740.00,740.00,2015-11-18,741.409973,727.00,727.580017,GOOG,1684300
725.299988,725.299988,2015-11-17,731.844971,723.026978,729.289978,GOOG,1510900
728.960022,728.960022,2015-11-16,729.48999,711.330017,715.599976,GOOG,1905900
717.00,717.00,2015-11-13,731.150024,716.72998,729.169983,GOOG,2075500
731.22998,731.22998,2015-11-12,737.799988,728.64502,731.00,GOOG,1837200
735.400024,735.400024,2015-11-11,741.00,730.22998,732.460022,GOOG,1366400
728.320007,728.320007,2015-11-10,730.590027,718.50,724.400024,GOOG,1608000
724.890015,724.890015,2015-11-09,734.710022,719.429993,730.200012,GOOG,2069800
733.76001,733.76001,2015-11-06,735.409973,727.01001,731.50,GOOG,1511600
731.25,731.25,2015-11-05,739.47998,729.469971,729.469971,GOOG,1861600
728.109985,728.109985,2015-11-04,733.099976,721.900024,722.00,GOOG,1706700
722.159973,722.159973,2015-11-03,724.650024,714.719971,718.859985,GOOG,1565400
721.109985,721.109985,2015-11-02,721.619995,705.849976,711.059998,GOOG,1886300
710.809998,710.809998,2015-10-30,718.00,710.049988,715.72998,GOOG,1908800
716.919983,716.919983,2015-10-29,718.26001,710.01001,710.50,GOOG,1456000
712.950012,712.950012,2015-10-28,712.97998,703.080017,707.330017,GOOG,2178900
708.48999,708.48999,2015-10-27,713.619995,704.549988,707.380005,GOOG,2245800
712.780029,712.780029,2015-10-26,719.150024,701.26001,701.549988,GOOG,2716600
702.00,702.00,2015-10-23,730.00,701.50,727.50,GOOG,6653900
651.789978,651.789978,2015-10-22,657.799988,644.01001,646.700012,GOOG,4071000
642.609985,642.609985,2015-10-21,655.869995,641.72998,654.150024,GOOG,1791100
650.280029,650.280029,2015-10-20,664.719971,644.195007,664.039978,GOOG,2490000
666.099976,666.099976,2015-10-19,666.820007,659.580017,661.179993,GOOG,1477300
662.200012,662.200012,2015-10-16,664.969971,657.200012,664.109985,GOOG,1611100
661.73999,661.73999,2015-10-15,663.130005,654.460022,654.659973,GOOG,1885700
651.159973,651.159973,2015-10-14,659.390015,648.849976,653.210022,GOOG,1415500
652.299988,652.299988,2015-10-13,657.812012,643.150024,643.150024,GOOG,1807700
646.669983,646.669983,2015-10-12,648.50,639.01001,642.090027,GOOG,1275200
643.609985,643.609985,2015-10-09,645.98999,635.317993,640.00,GOOG,1648700
639.159973,639.159973,2015-10-08,644.450012,625.559998,641.359985,GOOG,2182100
642.359985,642.359985,2015-10-07,650.609009,632.150024,649.23999,GOOG,2092700
645.440002,645.440002,2015-10-06,649.25,636.530029,638.840027,GOOG,2166300
641.469971,641.469971,2015-10-05,643.01001,627.00,632.00,GOOG,1803600
626.909973,626.909973,2015-10-02,627.340027,603.130005,607.200012,GOOG,2684800
611.289978,611.289978,2015-10-01,612.090027,599.849976,608.369995,GOOG,1867600
608.419983,608.419983,2015-09-30,608.76001,600.72998,603.280029,GOOG,2413400
594.969971,594.969971,2015-09-29,605.00,590.219971,597.280029,GOOG,2309500
594.890015,594.890015,2015-09-28,614.60498,589.380005,610.340027,GOOG,3127700
611.969971,611.969971,2015-09-25,629.77002,611.00,629.77002,GOOG,2174000
625.799988,625.799988,2015-09-24,627.320007,612.400024,616.640015,GOOG,2240100
622.359985,622.359985,2015-09-23,628.929993,620.00,622.049988,GOOG,1470900
622.690002,622.690002,2015-09-22,627.549988,615.429993,627.00,GOOG,2562900
635.440002,635.440002,2015-09-21,636.48999,625.940002,634.400024,GOOG,1788500
629.25,629.25,2015-09-18,640.00,627.02002,636.789978,GOOG,5133400
642.900024,642.900024,2015-09-17,650.900024,635.02002,637.789978,GOOG,2274700
635.97998,635.97998,2015-09-16,637.950012,632.320007,635.469971,GOOG,1286500
635.140015,635.140015,2015-09-15,638.700012,623.780029,626.700012,GOOG,2084400
623.23999,623.23999,2015-09-14,625.859985,619.429993,625.700012,GOOG,1702300
625.77002,625.77002,2015-09-11,625.780029,617.419983,619.75,GOOG,1373500
621.349976,621.349976,2015-09-10,624.159973,611.429993,613.099976,GOOG,1905300
612.719971,612.719971,2015-09-09,626.52002,609.599976,621.219971,GOOG,1702100
614.659973,614.659973,2015-09-08,616.309998,604.119995,612.48999,GOOG,2279500
600.700012,600.700012,2015-09-04,603.469971,595.25,600.00,GOOG,2089000
606.25,606.25,2015-09-03,619.710022,602.820984,617.00,GOOG,1759600
614.340027,614.340027,2015-09-02,614.340027,599.710022,605.590027,GOOG,2575600
597.789978,597.789978,2015-09-01,612.859985,594.099976,602.359985,GOOG,3702100
618.25,618.25,2015-08-31,635.799988,617.679993,627.539978,GOOG,2176700
630.380005,630.380005,2015-08-28,636.880005,624.559998,632.820007,GOOG,1978700
637.609985,637.609985,2015-08-27,643.590027,622.00,639.400024,GOOG,3491300
628.619995,628.619995,2015-08-26,631.710022,599.049988,610.349976,GOOG,4235900
582.059998,582.059998,2015-08-25,617.450012,581.109985,614.909973,GOOG,3538000
589.609985,589.609985,2015-08-24,599.330017,565.049988,573.00,GOOG,5770300
612.47998,612.47998,2015-08-21,640.049988,612.330017,639.780029,GOOG,4265200
646.830017,646.830017,2015-08-20,662.98999,642.900024,655.460022,GOOG,2855300
660.900024,660.900024,2015-08-19,667.00,654.190002,656.599976,GOOG,2131600
656.130005,656.130005,2015-08-18,664.00,653.460022,661.900024,GOOG,1456100
660.869995,660.869995,2015-08-17,661.380005,651.23999,656.799988,GOOG,1051700
657.119995,657.119995,2015-08-14,659.85498,652.659973,655.01001,GOOG,1072100
656.450012,656.450012,2015-08-13,664.50,651.661011,659.322021,GOOG,1810700
659.559998,659.559998,2015-08-12,665.00,652.289978,663.080017,GOOG,2936700
660.780029,660.780029,2015-08-11,674.900024,654.27002,669.200012,GOOG,5029200
633.72998,633.72998,2015-08-10,643.440002,631.249023,639.47998,GOOG,1809200
635.299988,635.299988,2015-08-07,642.679993,629.710022,640.22998,GOOG,1403900
642.679993,642.679993,2015-08-06,645.379028,632.25,645.00,GOOG,1572600
643.780029,643.780029,2015-08-05,647.859985,633.159973,634.330017,GOOG,2334300
629.25,629.25,2015-08-04,634.809998,627.159973,628.419983,GOOG,1490900
631.210022,631.210022,2015-08-03,633.05603,625.340027,625.340027,GOOG,1304500
625.609985,625.609985,2015-07-31,632.909973,625.50,631.380005,GOOG,1706100
632.590027,632.590027,2015-07-30,635.219971,622.049988,630.00,GOOG,1474200
631.929993,631.929993,2015-07-29,633.359985,622.650024,628.799988,GOOG,1575100
628.00,628.00,2015-07-28,632.830017,623.309998,632.830017,GOOG,1727300
627.26001,627.26001,2015-07-27,634.299988,620.50,621.00,GOOG,2675400
623.559998,623.559998,2015-07-24,648.169983,622.52002,647.00,GOOG,3625700
644.280029,644.280029,2015-07-23,663.630005,641.00,661.27002,GOOG,3029100
662.099976,662.099976,2015-07-22,678.640015,659.00,660.890015,GOOG,3929300
662.299988,662.299988,2015-07-21,673.00,654.299988,655.210022,GOOG,3377200
663.02002,663.02002,2015-07-20,668.880005,653.01001,659.23999,GOOG,5860900
672.929993,672.929993,2015-07-17,674.468018,645.00,649.00,GOOG,11164900
579.849976,579.849976,2015-07-16,580.679993,565.00,565.119995,GOOG,4768300
560.219971,560.219971,2015-07-15,566.502991,556.789978,560.130005,GOOG,1784600
561.099976,561.099976,2015-07-14,565.848999,546.710022,546.76001,GOOG,3244100
546.549988,546.549988,2015-07-13,547.109985,532.400024,532.880005,GOOG,2206500
530.130005,530.130005,2015-07-10,532.559998,525.549988,526.289978,GOOG,1956700
520.679993,520.679993,2015-07-09,523.77002,520.349976,523.119995,GOOG,1839400
516.830017,516.830017,2015-07-08,522.734009,516.109985,521.049988,GOOG,1296700
525.02002,525.02002,2015-07-07,526.179993,515.179993,523.130005,GOOG,1597200
522.859985,522.859985,2015-07-06,525.25,519.00,519.50,GOOG,1280500
523.400024,523.400024,2015-07-02,524.650024,521.080017,521.080017,GOOG,1235900
521.840027,521.840027,2015-07-01,525.690002,518.22998,524.72998,GOOG,1961000
520.51001,520.51001,2015-06-30,526.25,520.50,526.02002,GOOG,2217200
521.52002,521.52002,2015-06-29,528.609985,520.539978,525.01001,GOOG,1937800
531.690002,531.690002,2015-06-26,537.76001,531.349976,537.26001,GOOG,2109100
535.22998,535.22998,2015-06-25,540.900024,535.22998,538.869995,GOOG,1335700
537.840027,537.840027,2015-06-24,540.00,535.659973,540.00,GOOG,1286600
540.47998,540.47998,2015-06-23,541.499023,535.25,539.640015,GOOG,1197500
538.190002,538.190002,2015-06-22,543.73999,537.530029,539.590027,GOOG,1250300
536.690002,536.690002,2015-06-19,538.25,533.01001,537.210022,GOOG,1893500
536.72998,536.72998,2015-06-18,538.150024,530.789978,531.00,GOOG,1833100
529.26001,529.26001,2015-06-17,530.97998,525.099976,529.369995,GOOG,1294200
528.150024,528.150024,2015-06-16,529.640015,525.559998,528.400024,GOOG,1071800
527.200012,527.200012,2015-06-15,528.299988,524.00,528.00,GOOG,1632700
532.330017,532.330017,2015-06-12,533.119995,530.159973,531.599976,GOOG,955800
534.609985,534.609985,2015-06-11,538.97998,533.02002,538.424988,GOOG,1217500
536.690002,536.690002,2015-06-10,538.359985,529.349976,529.359985,GOOG,1815000
526.690002,526.690002,2015-06-09,529.200012,523.01001,527.559998,GOOG,1455300
526.830017,526.830017,2015-06-08,534.119995,526.23999,533.309998,GOOG,1520600
533.330017,533.330017,2015-06-05,537.200012,532.52002,536.349976,GOOG,1388200
536.700012,536.700012,2015-06-04,540.590027,534.320007,537.76001,GOOG,1348300
540.309998,540.309998,2015-06-03,543.50,537.109985,539.909973,GOOG,1714500
539.179993,539.179993,2015-06-02,543.00,531.330017,532.929993,GOOG,1939000
533.98999,533.98999,2015-06-01,536.789978,529.76001,536.789978,GOOG,1904300
532.109985,532.109985,2015-05-29,538.630005,531.450012,537.369995,GOOG,2597400
539.780029,539.780029,2015-05-28,540.609985,536.25,538.01001,GOOG,1029800
539.789978,539.789978,2015-05-27,540.549988,531.710022,532.799988,GOOG,1525000
532.320007,532.320007,2015-05-26,539.00,529.880005,538.119995,GOOG,2406500
540.109985,540.109985,2015-05-22,544.190002,539.51001,540.150024,GOOG,1176200
542.51001,542.51001,2015-05-21,543.840027,535.97998,537.950012,GOOG,1462700
539.27002,539.27002,2015-05-20,542.919983,532.971985,538.48999,GOOG,1430800
537.359985,537.359985,2015-05-19,540.659973,533.039978,533.97998,GOOG,1966900
532.299988,532.299988,2015-05-18,534.820007,528.849976,532.01001,GOOG,2003400
533.849976,533.849976,2015-05-15,539.273987,530.380005,539.179993,GOOG,1971300
538.400024,538.400024,2015-05-14,539.00,532.409973,533.77002,GOOG,1403900
529.619995,529.619995,2015-05-13,534.322021,528.655029,530.559998,GOOG,1252300
529.039978,529.039978,2015-05-12,533.208984,525.26001,531.599976,GOOG,1634200
535.700012,535.700012,2015-05-11,541.97998,535.400024,538.369995,GOOG,905300
538.219971,538.219971,2015-05-08,541.150024,525.00,536.650024,GOOG,1527600
530.700012,530.700012,2015-05-07,533.460022,521.75,523.98999,GOOG,1546300
524.219971,524.219971,2015-05-06,532.380005,521.085022,531.23999,GOOG,1567000
530.799988,530.799988,2015-05-05,539.73999,530.390991,538.210022,GOOG,1383100
540.780029,540.780029,2015-05-04,544.070007,535.059998,538.530029,GOOG,1308000
537.900024,537.900024,2015-05-01,539.539978,532.099976,538.429993,GOOG,1768200
537.340027,537.340027,2015-04-30,548.590027,535.049988,547.869995,GOOG,2082200
549.080017,549.080017,2015-04-29,553.679993,546.905029,550.469971,GOOG,1698800
553.679993,553.679993,2015-04-28,556.02002,550.366028,554.640015,GOOG,1491000
555.369995,555.369995,2015-04-27,565.950012,553.200012,563.390015,GOOG,2398000
565.062561,565.062561,2015-04-24,571.14259,557.252507,566.102584,GOOG,4932500
547.002472,547.002472,2015-04-23,550.96249,540.23244,541.002435,GOOG,4184800
539.367458,539.367458,2015-04-22,541.082428,531.752397,534.402426,GOOG,1593500
533.972413,533.972413,2015-04-21,539.392429,533.677415,537.512456,GOOG,1844700
535.382408,535.382408,2015-04-20,536.092424,524.50235,525.602352,GOOG,1679200
524.052386,524.052386,2015-04-17,529.842373,521.012371,528.662379,GOOG,2151800
533.802391,533.802391,2015-04-16,535.592396,529.612373,529.902414,GOOG,1299800
532.532429,532.532429,2015-04-15,534.732432,523.22235,528.702406,GOOG,2318800
530.392405,530.392405,2015-04-14,537.572435,528.094416,536.252409,GOOG,2604100
539.172466,539.172466,2015-04-13,544.062463,537.312445,538.412447,GOOG,1645300
540.012416,540.012416,2015-04-10,542.292472,537.312445,542.292472,GOOG,1409400
540.782472,540.782472,2015-04-09,541.952428,535.492451,541.032425,GOOG,1557800
541.612446,541.612446,2015-04-08,543.852476,538.382457,538.382457,GOOG,1178500
537.022404,537.022404,2015-04-07,542.692434,536.002456,538.08244,GOOG,1302800
536.767432,536.767432,2015-04-06,538.412447,529.572407,532.222436,GOOG,1324400
535.532417,535.532417,2015-04-02,540.852427,533.849395,540.852427,GOOG,1716300
542.562439,542.562439,2015-04-01,551.142488,539.502472,548.602502,GOOG,1963000
548.002468,548.002468,2015-03-31,554.712521,546.722468,550.00246,GOOG,1588000
552.032502,552.032502,2015-03-30,553.472487,548.17249,551.622503,GOOG,1287500
548.342512,548.342512,2015-03-27,555.282504,548.132463,553.002509,GOOG,1897400
555.172522,555.172522,2015-03-26,558.90254,550.652497,557.59255,GOOG,1572600
558.787539,558.787539,2015-03-25,572.262605,558.742555,570.50259,GOOG,2152200
570.192597,570.192597,2015-03-24,574.592603,561.212525,562.562541,GOOG,2583200
558.81251,558.81251,2015-03-23,562.362529,555.832536,560.432554,GOOG,1643800
560.362537,560.362537,2015-03-20,561.722529,559.052548,561.652513,GOOG,2616800
557.992512,557.992512,2015-03-19,560.802526,556.147548,559.392531,GOOG,1197200
559.502513,559.502513,2015-03-18,559.782516,547.002472,552.50248,GOOG,2134500
550.842471,550.842471,2015-03-17,553.802493,548.002468,551.712472,GOOG,1805500
554.512509,554.512509,2015-03-16,556.852545,546.002476,550.952514,GOOG,1640900
547.322503,547.322503,2015-03-13,558.402511,544.222448,553.502476,GOOG,1703500
555.512505,555.512505,2015-03-12,556.37253,550.462462,553.512513,GOOG,1389600
551.182515,551.182515,2015-03-11,558.142521,550.682486,555.142533,GOOG,1820700
555.012538,555.012538,2015-03-10,564.852573,554.732534,564.252539,GOOG,1792300
568.852557,568.852557,2015-03-09,570.272589,563.537566,566.862541,GOOG,1062100
567.687558,567.687558,2015-03-06,576.682625,566.762536,574.882583,GOOG,1659100
575.332609,575.332609,2015-03-05,577.912621,573.412609,575.022616,GOOG,1389600
573.372583,573.372583,2015-03-04,577.112637,568.012546,571.872619,GOOG,1876800
573.64261,573.64261,2015-03-03,575.392588,566.522559,570.452587,GOOG,1704700
571.342601,571.342601,2015-03-02,572.152562,558.752531,560.532559,GOOG,2129600
558.402511,558.402511,2015-02-27,564.712541,552.902503,554.242482,GOOG,2410100
555.482516,555.482516,2015-02-26,556.142529,541.502464,543.212476,GOOG,2311500
543.872489,543.872489,2015-02-25,546.222501,535.447406,535.90245,GOOG,1825900
536.092424,536.092424,2015-02-24,536.792403,528.252381,530.002419,GOOG,1005000
531.912381,531.912381,2015-02-23,536.441404,529.412422,536.052398,GOOG,1457800
538.952441,538.952441,2015-02-20,543.75247,535.802444,543.132484,GOOG,1444300
542.872432,542.872432,2015-02-19,543.11247,538.012424,538.042413,GOOG,989100
539.702422,539.702422,2015-02-18,545.492471,537.512456,541.402458,GOOG,1453000
542.842443,542.842443,2015-02-17,550.00246,541.092465,546.83245,GOOG,1616800
549.012501,549.012501,2015-02-13,549.912491,543.132484,543.352447,GOOG,1900300
542.932472,542.932472,2015-02-12,544.822482,534.675391,537.252405,GOOG,1620200
535.972405,535.972405,2015-02-11,538.452412,533.380397,535.302416,GOOG,1377700
536.942412,536.942412,2015-02-10,537.702431,526.922378,529.302379,GOOG,1749800
527.832406,527.832406,2015-02-09,532.002411,526.022388,528.002366,GOOG,1267700
531.002415,531.002415,2015-02-06,537.202402,526.412373,527.64237,GOOG,1763500
527.582391,527.582391,2015-02-05,528.502395,522.092359,523.792395,GOOG,1849700
522.762349,522.762349,2015-02-04,532.67442,521.272361,529.2424,GOOG,1663600
529.2424,529.2424,2015-02-03,533.40243,523.262377,528.002366,GOOG,2038600
528.482381,528.482381,2015-02-02,533.002407,518.552377,531.732383,GOOG,2849800
534.522445,534.522445,2015-01-30,539.872444,515.522339,515.862322,GOOG,5606300
510.6623,510.6623,2015-01-29,511.092313,501.202274,511.002313,GOOG,4186300
510.002318,510.002318,2015-01-28,522.992349,510.002318,522.782362,GOOG,1683800
518.63237,518.63237,2015-01-27,530.702398,518.19232,529.972369,GOOG,1904000
535.212448,535.212448,2015-01-26,539.002444,529.672413,538.532466,GOOG,1543700
539.952437,539.952437,2015-01-23,542.172453,533.002407,535.592396,GOOG,2281700
534.392388,534.392388,2015-01-22,536.332401,519.702382,521.482349,GOOG,2676900
518.042373,518.042373,2015-01-21,519.282346,506.202284,507.252283,GOOG,2268700
506.902294,506.902294,2015-01-20,512.502307,506.018277,511.002313,GOOG,2232000
508.082288,508.082288,2015-01-16,508.1923,500.002267,500.012273,GOOG,2298200
501.792271,501.792271,2015-01-15,505.682303,497.762267,505.572291,GOOG,2715800
500.872267,500.872267,2015-01-14,503.232286,493.002234,494.652237,GOOG,2215500
496.182251,496.182251,2015-01-13,502.982272,492.392224,498.842256,GOOG,2370400
492.552239,492.552239,2015-01-12,495.97823,487.562205,494.942247,GOOG,2326700
496.172244,496.172244,2015-01-09,504.922285,494.792239,504.7623,GOOG,2071300
502.682285,502.682285,2015-01-08,503.48227,491.002212,497.992268,GOOG,3353500
501.102268,501.102268,2015-01-07,507.246285,499.652247,507.002299,GOOG,2065000
501.962262,501.962262,2015-01-06,516.177334,501.052266,515.002358,GOOG,2899900
513.872306,513.872306,2015-01-05,524.332389,513.062315,523.262377,GOOG,2059800
524.812404,524.812404,2015-01-02,531.272382,524.102388,529.012399,GOOG,1447500
526.402397,526.402397,2014-12-31,532.602384,525.802363,531.252429,GOOG,1368200
530.422394,530.422394,2014-12-30,531.152424,527.132366,528.092396,GOOG,876200
530.332426,530.332426,2014-12-29,535.482414,530.013375,532.192385,GOOG,2278500
534.032392,534.032392,2014-12-26,534.252417,527.312364,528.772422,GOOG,1040500
528.772422,528.772422,2014-12-24,531.761394,527.022384,530.512424,GOOG,705900
530.592416,530.592416,2014-12-23,534.56241,526.292354,527.00237,GOOG,2197600
524.872383,524.872383,2014-12-22,526.462376,516.082347,516.082347,GOOG,2723700
516.352313,516.352313,2014-12-19,517.722342,506.91328,511.512318,GOOG,3690200
511.102319,511.102319,2014-12-18,513.872306,504.70229,512.952333,GOOG,2926700
504.892295,504.892295,2014-12-17,507.002299,496.812244,497.002248,GOOG,2883100
495.392242,495.392242,2014-12-16,513.052308,489.00222,511.562321,GOOG,3964200
513.802351,513.802351,2014-12-15,523.102392,513.272333,522.742396,GOOG,2813400
518.662359,518.662359,2014-12-12,528.502395,518.662359,523.512391,GOOG,1994500
528.34241,528.34241,2014-12-11,533.922411,527.102376,527.802416,GOOG,1610800
526.062353,526.062353,2014-12-10,536.332401,525.562386,533.082399,GOOG,1712200
533.37244,533.37244,2014-12-09,534.192438,520.502366,522.142362,GOOG,1871300
526.982357,526.982357,2014-12-08,531.002415,523.792395,527.132366,GOOG,2329300
525.262369,525.262369,2014-12-05,532.892425,524.282386,531.002415,GOOG,2565600
537.312445,537.312445,2014-12-04,537.342434,528.592363,531.1624,GOOG,1392100
531.322384,531.322384,2014-12-03,535.998416,529.262414,531.442404,GOOG,1277900
533.752389,533.752389,2014-12-02,535.502427,529.802408,533.512412,GOOG,1526600
533.802391,533.802391,2014-12-01,541.412434,531.862379,538.902438,GOOG,2115300
541.832471,541.832471,2014-11-28,542.002431,536.602429,540.622426,GOOG,1148300
540.372473,540.372473,2014-11-26,541.552467,537.044437,540.882478,GOOG,1522900
541.082428,541.082428,2014-11-25,543.982471,538.60444,539.002444,GOOG,1789900
539.272471,539.272471,2014-11-24,542.702471,535.622446,537.652428,GOOG,1706300
537.502419,537.502419,2014-11-21,542.142464,536.562402,541.612446,GOOG,2224200
534.832438,534.832438,2014-11-20,535.112442,531.082408,531.252429,GOOG,1563300
536.992415,536.992415,2014-11-19,538.242425,530.082412,535.002399,GOOG,1392200
535.032449,535.032449,2014-11-18,541.942452,534.172425,537.502419,GOOG,1962600
536.512399,536.512399,2014-11-17,543.792436,534.063422,543.582448,GOOG,1726000
544.402446,544.402446,2014-11-14,546.682503,542.15244,546.682503,GOOG,1289500
545.38249,545.38249,2014-11-13,549.80251,543.482442,549.80251,GOOG,1339300
547.312465,547.312465,2014-11-12,550.462462,545.172441,550.392507,GOOG,1129600
550.292501,550.292501,2014-11-11,551.942473,546.302493,548.492459,GOOG,965500
547.492463,547.492463,2014-11-10,549.592461,541.022449,541.462437,GOOG,1134600
541.012473,541.012473,2014-11-07,546.212464,538.672437,546.212464,GOOG,1633700
542.042458,542.042458,2014-11-06,546.887472,540.972446,545.502448,GOOG,1333200
545.922484,545.922484,2014-11-05,556.802542,544.052487,556.802542,GOOG,2032200
554.112486,554.112486,2014-11-04,555.502529,549.302481,553.002509,GOOG,1244200
555.222525,555.222525,2014-11-03,557.902544,553.23251,555.502529,GOOG,1382200
559.082538,559.082538,2014-10-31,559.572529,554.752486,559.352504,GOOG,2035000
550.312514,550.312514,2014-10-30,552.802497,543.512432,548.952461,GOOG,1455600
549.33247,549.33247,2014-10-29,554.192479,546.982459,550.00246,GOOG,1770500
548.902458,548.902458,2014-10-28,548.982512,541.622422,543.002488,GOOG,1270900
540.772435,540.772435,2014-10-27,544.412483,537.032441,537.032441,GOOG,1185300
539.782415,539.782415,2014-10-24,544.882461,535.792407,544.36248,GOOG,1973100
543.982471,543.982471,2014-10-23,547.222497,535.852447,539.322413,GOOG,2348800
532.712427,532.712427,2014-10-22,539.802428,528.802412,529.892376,GOOG,2919200
526.542369,526.542369,2014-10-21,526.792383,519.112324,525.192353,GOOG,2336200
520.842349,520.842349,2014-10-20,521.762353,508.102301,509.452317,GOOG,2607500
511.172305,511.172305,2014-10-17,530.982402,508.532313,527.252385,GOOG,5539300
524.512387,524.512387,2014-10-16,529.432374,515.002358,519.002342,GOOG,3708500
530.032409,530.032409,2014-10-15,532.802396,518.302363,531.012391,GOOG,3719300
537.942408,537.942408,2014-10-14,547.192507,533.172429,538.902438,GOOG,2222500
533.212394,533.212394,2014-10-13,549.502492,533.102413,544.992443,GOOG,2581600
544.492476,544.492476,2014-10-10,565.132577,544.052487,557.722546,GOOG,3081900
560.882518,560.882518,2014-10-09,571.49261,559.062524,571.182555,GOOG,2524800
572.502582,572.502582,2014-10-08,573.882587,557.492545,565.572566,GOOG,1990800
563.742534,563.742534,2014-10-07,575.27263,563.742534,574.402629,GOOG,1911300
577.352614,577.352614,2014-10-06,581.002639,574.442595,578.802636,GOOG,1214600
575.282606,575.282606,2014-10-03,577.227637,572.502582,573.052613,GOOG,1141700
570.082554,570.082554,2014-10-02,571.912585,563.322559,567.312567,GOOG,1178400
568.272597,568.272597,2014-10-01,577.582615,567.01255,576.012635,GOOG,1445400
577.36259,577.36259,2014-09-30,579.852634,572.852602,576.932639,GOOG,1621700
576.362594,576.362594,2014-09-29,578.192625,571.172579,571.7526,GOOG,1282400
577.1026,577.1026,2014-09-26,579.2526,574.662619,576.062638,GOOG,1443600
575.062581,575.062581,2014-09-25,587.982658,574.182604,587.552646,GOOG,1925900
587.992634,587.992634,2014-09-24,589.632691,580.522624,581.462641,GOOG,1728100
581.132634,581.132634,2014-09-23,586.852667,581.002639,586.852667,GOOG,1471400
587.372648,587.372648,2014-09-22,593.951665,583.462632,593.82271,GOOG,1689500
596.082692,596.082692,2014-09-19,596.482715,589.502696,591.502688,GOOG,3736600
589.272695,589.272695,2014-09-18,589.542661,585.002622,587.002675,GOOG,1444500
584.772622,584.772622,2014-09-17,587.522656,578.777604,580.012619,GOOG,1692800
579.95264,579.95264,2014-09-16,581.502606,572.662566,572.762572,GOOG,1480300
573.102616,573.102616,2014-09-15,574.952599,568.212557,572.94257,GOOG,1597500
575.622589,575.622589,2014-09-12,581.642639,574.462608,581.002639,GOOG,1601600
581.352659,581.352659,2014-09-11,581.812661,576.262588,580.362639,GOOG,1221000
583.102636,583.102636,2014-09-10,583.502659,576.942615,581.502606,GOOG,977300
581.012615,581.012615,2014-09-09,589.002667,580.002643,588.902662,GOOG,1287200
589.722659,589.722659,2014-09-08,591.772654,586.302635,586.602653,GOOG,1431000
586.082672,586.082672,2014-09-05,586.55265,581.952632,583.982613,GOOG,1632300
581.982621,581.982621,2014-09-04,586.00268,579.222611,580.002643,GOOG,1458100
577.942611,577.942611,2014-09-03,582.992655,575.002602,580.002643,GOOG,1215100
577.332601,577.332601,2014-09-02,577.832629,571.192593,571.852606,GOOG,1578400
571.602592,571.602592,2014-08-29,572.04258,567.07155,571.332564,GOOG,1083700
569.202577,569.202577,2014-08-28,573.252625,567.102579,569.562573,GOOG,1292900
571.002557,571.002557,2014-08-27,578.492642,570.105566,577.272622,GOOG,1703300
577.862619,577.862619,2014-08-26,581.802623,576.582619,581.262629,GOOG,1639600
580.202654,580.202654,2014-08-25,585.002622,579.002647,584.722619,GOOG,1361400
582.562642,582.562642,2014-08-22,585.238621,580.642643,583.592628,GOOG,789000
583.372664,583.372664,2014-08-21,584.502655,581.14261,583.822628,GOOG,914800
584.492618,584.492618,2014-08-20,586.702658,582.572618,585.88266,GOOG,1036700
586.862643,586.862643,2014-08-19,587.342658,584.002627,585.002622,GOOG,978600
582.162619,582.162619,2014-08-18,584.512631,576.002598,576.11258,GOOG,1284100
573.482626,573.482626,2014-08-15,579.382595,570.522603,577.862619,GOOG,1519100
574.652582,574.652582,2014-08-14,577.902645,570.882599,576.182596,GOOG,985400
574.782577,574.782577,2014-08-13,575.002602,565.752564,567.312567,GOOG,1439200
562.732562,562.732562,2014-08-12,565.902572,560.882518,564.522567,GOOG,1542000
567.882551,567.882551,2014-08-11,570.492553,566.002578,569.992585,GOOG,1214700
568.772565,568.772565,2014-08-08,570.252576,560.352561,563.562536,GOOG,1494700
563.362525,563.362525,2014-08-07,569.89258,561.102543,568.00257,GOOG,1110900
566.376589,566.376589,2014-08-06,570.702601,560.002541,561.782569,GOOG,1334300
565.072537,565.072537,2014-08-05,571.982601,562.612543,570.052564,GOOG,1551200
573.152619,573.152619,2014-08-04,575.352622,564.102531,569.042592,GOOG,1427300
566.072533,566.072533,2014-08-01,575.962633,562.85252,570.402584,GOOG,1955200
571.602592,571.602592,2014-07-31,583.652668,570.002561,580.602616,GOOG,2102700
587.42265,587.42265,2014-07-30,589.502696,584.002627,586.55265,GOOG,1016400
585.612633,585.612633,2014-07-29,589.702646,583.517654,588.752653,GOOG,1349800
590.602697,590.602697,2014-07-28,592.502683,584.755668,588.072688,GOOG,986800
589.022681,589.022681,2014-07-25,591.862684,587.032665,590.402686,GOOG,932400
593.352671,593.352671,2014-07-24,599.502716,591.772654,596.452725,GOOG,1035100
595.982686,595.982686,2014-07-23,597.852683,592.502683,593.232713,GOOG,1233100
594.742713,594.742713,2014-07-22,599.652725,590.602697,590.722655,GOOG,1699100
589.472645,589.472645,2014-07-21,594.40267,585.235622,591.752702,GOOG,2062100
595.082696,595.082696,2014-07-18,596.802684,582.002635,593.002712,GOOG,4014100
573.732579,573.732579,2014-07-17,580.992601,568.61258,579.532604,GOOG,3016500
582.662648,582.662648,2014-07-16,588.402633,582.202646,588.002671,GOOG,1397100
584.782659,584.782659,2014-07-15,585.807626,576.562606,585.742628,GOOG,1623000
584.872627,584.872627,2014-07-14,585.212671,578.032641,582.602608,GOOG,1854000
579.182645,579.182645,2014-07-11,580.85263,571.422594,571.912585,GOOG,1621700
571.102563,571.102563,2014-07-10,576.592595,565.012558,565.912548,GOOG,1356700
576.08259,576.08259,2014-07-09,576.72259,569.378597,571.582578,GOOG,1116700
571.092587,571.092587,2014-07-08,579.530645,566.137592,577.662607,GOOG,1909500
582.252649,582.252649,2014-07-07,586.432631,579.592644,583.76265,GOOG,1064600
584.732656,584.732656,2014-07-03,585.01266,580.922646,583.352651,GOOG,714100
582.33766,582.33766,2014-07-02,585.442672,580.392628,583.352651,GOOG,1056300
582.672624,582.672624,2014-07-01,584.402649,576.652635,578.32262,GOOG,1447900
575.282606,575.282606,2014-06-30,579.572631,574.752588,578.662603,GOOG,1313700
577.242632,577.242632,2014-06-27,579.872648,573.802595,577.182592,GOOG,2236900
576.002598,576.002598,2014-06-26,582.45266,571.852606,581.002639,GOOG,1741900
578.652627,578.652627,2014-06-25,579.962616,565.222546,565.262572,GOOG,1969300
564.622572,564.622572,2014-06-24,572.648612,561.012513,565.192556,GOOG,2207100
564.952579,564.952579,2014-06-23,565.002582,554.252519,555.152509,GOOG,1536800
556.362492,556.362492,2014-06-20,557.582513,550.394465,556.852545,GOOG,4508300
554.902495,554.902495,2014-06-19,555.0025,548.512473,554.242482,GOOG,2456800
553.372481,553.372481,2014-06-18,553.562516,544.002484,544.862448,GOOG,1741700
543.012465,543.012465,2014-06-17,545.32245,539.33245,544.202435,GOOG,1444500
544.282488,544.282488,2014-06-16,549.622511,541.522477,549.262515,GOOG,1702500
551.762475,551.762475,2014-06-13,552.30253,545.562488,552.262503,GOOG,1220500
551.352476,551.352476,2014-06-12,557.992512,548.46247,557.302509,GOOG,1458400
558.842499,558.842499,2014-06-11,559.882522,555.022514,558.002549,GOOG,1100100
560.552511,560.552511,2014-06-10,563.602563,557.902544,560.512546,GOOG,1351700
562.122552,562.122552,2014-06-09,562.902523,556.042523,557.152501,GOOG,1467500
556.332503,556.332503,2014-06-06,558.062528,548.932509,558.062528,GOOG,1736700
553.902499,553.902499,2014-06-05,554.952498,544.452449,546.402499,GOOG,1689100
544.662436,544.662436,2014-06-04,548.612478,538.752429,541.502464,GOOG,1816400
544.94244,544.94244,2014-06-03,552.342495,542.552463,550.99248,GOOG,1866600
553.932488,553.932488,2014-06-02,560.902531,545.732448,560.70252,GOOG,1435000
559.892559,559.892559,2014-05-30,561.352557,555.912528,560.802526,GOOG,1771100
560.082534,560.082534,2014-05-29,564.002525,558.712504,563.352549,GOOG,1354100
561.682564,561.682564,2014-05-28,567.842585,561.002537,564.57257,GOOG,1652000
565.952575,565.952575,2014-05-27,566.002578,554.352525,556.002496,GOOG,2104100
552.702492,552.702492,2014-05-23,553.642508,543.702467,547.262462,GOOG,1932100
545.062459,545.062459,2014-05-22,547.602506,540.782472,541.132431,GOOG,1615800
538.942465,538.942465,2014-05-21,539.185441,531.912381,532.902401,GOOG,1196200
529.772418,529.772418,2014-05-20,536.232457,526.302392,529.742368,GOOG,1784700
528.862391,528.862391,2014-05-19,529.782394,517.58537,519.702382,GOOG,1277700
520.632362,520.632362,2014-05-16,521.802379,515.442347,521.39238,GOOG,1485200
519.982324,519.982324,2014-05-15,525.872379,517.422325,525.702357,GOOG,1704300
526.652412,526.652412,2014-05-14,533.002407,525.292358,533.002407,GOOG,1191700
533.092437,533.092437,2014-05-13,536.072411,529.512367,530.892433,GOOG,1653400
529.922427,529.922427,2014-05-12,530.192393,519.012379,523.512391,GOOG,1912500
518.732375,518.732375,2014-05-09,519.902332,504.202292,510.752299,GOOG,2439400
511.002313,511.002313,2014-05-08,517.232351,506.452298,508.462297,GOOG,2021300
509.962321,509.962321,2014-05-07,516.68232,503.302272,515.792305,GOOG,3224300
515.14233,515.14233,2014-05-06,526.812396,515.062337,525.232379,GOOG,1689000
527.812392,527.812392,2014-05-05,528.902418,521.322364,524.822381,GOOG,1024100
527.932411,527.932411,2014-05-02,534.002403,525.612389,533.762426,GOOG,1688500
531.352435,531.352435,2014-05-01,532.932391,523.882364,527.112413,GOOG,1905500
526.662388,526.662388,2014-04-30,528.002366,522.522372,527.602405,GOOG,1751100
527.70241,527.70241,2014-04-29,529.462425,516.322324,516.902344,GOOG,2699000
517.152359,517.152359,2014-04-28,518.602319,502.802274,517.182348,GOOG,3335500
516.182352,516.182352,2014-04-25,524.702361,515.422333,522.512395,GOOG,2100300
525.162363,525.162363,2014-04-24,531.652391,522.122349,530.072374,GOOG,1883100
526.942391,526.942391,2014-04-23,533.872408,526.252389,533.792415,GOOG,2052300
534.812425,534.812425,2014-04-22,537.232453,527.512375,528.642366,GOOG,2365300
528.622414,528.622414,2014-04-21,536.702435,525.602352,536.1024,GOOG,2566700
536.1024,536.1024,2014-04-17,549.502492,531.152424,548.81249,GOOG,6809500
556.54249,556.54249,2014-04-16,557.002492,540.00244,543.002488,GOOG,4893200
536.442444,536.442444,2014-04-15,538.452412,518.462348,536.822454,GOOG,3855000
532.522392,532.522392,2014-04-14,544.10249,529.56237,538.252462,GOOG,2575000
530.602392,530.602392,2014-04-11,540.00244,526.532392,532.552381,GOOG,3924800
540.952433,540.952433,2014-04-10,565.002582,539.902434,565.002582,GOOG,4036800
564.142557,564.142557,2014-04-09,565.372554,552.952506,559.622532,GOOG,3330800
554.902495,554.902495,2014-04-08,555.0025,541.612446,542.602466,GOOG,3151200
538.152456,538.152456,2014-04-07,548.482483,527.152379,540.742445,GOOG,4401600
543.14246,543.14246,2014-04-04,577.772589,543.002488,574.652582,GOOG,6369300
569.742571,569.742571,2014-04-03,587.282679,564.132581,569.852553,GOOG,5099100
567.002574,567.002574,2014-04-02,604.832763,562.192568,599.992707,GOOG,147100
567.162558,567.162558,2014-04-01,568.452595,558.712504,558.712504,GOOG,7900
556.972503,556.972503,2014-03-31,567.002574,556.932537,566.892592,GOOG,10800
559.992565,559.992565,2014-03-28,566.43259,558.672539,561.202549,GOOG,41200
558.462551,558.462551,2014-03-27,568.00257,552.922516,568.00257,GOOG,13100
565.420539,1131.971918,2014-03-26,1171.572011,1131.501901,1162.012003,GOOG,5179200
578.782219,1158.722002,2014-03-25,1169.842037,1147.001947,1166.002007,GOOG,4838400
578.387583,1157.931941,2014-03-24,1184.902085,1145.952004,1184.192035,GOOG,6096800
590.930063,1183.041986,2014-03-21,1209.632048,1182.452014,1206.312028,GOOG,6441000
597.983016,1197.161999,2014-03-20,1209.612076,1195.362061,1199.952085,GOOG,3381900
599.027014,1199.252083,2014-03-19,1211.992061,1194.412101,1211.80202,GOOG,3237800
605.025994,1211.262039,2014-03-18,1211.532091,1193.062087,1194.672106,GOOG,3643500
595.455584,1192.102079,2014-03-17,1197.072063,1178.112069,1179.25207,GOOG,4340300
585.81522,1172.80207,2014-03-14,1190.87202,1172.532018,1181.992043,GOOG,4604900
593.937081,1189.062036,2014-03-13,1210.50212,1184.762035,1207.952066,GOOG,4708600
603.047979,1207.302054,2014-03-12,1207.852083,1184.192035,1196.40208,GOOG,3943200
599.396618,1199.99203,2014-03-11,1214.322055,1196.642112,1213.772027,GOOG,3438800
605.180837,1211.572035,2014-03-10,1217.642076,1204.092064,1215.692042,GOOG,2438200
606.789247,1214.792073,2014-03-07,1226.992071,1211.442033,1226.802152,GOOG,3041500
609.196844,1219.612082,2014-03-06,1226.152141,1218.602083,1222.282091,GOOG,2545600
608.522511,1218.262068,2014-03-05,1223.082077,1211.412136,1215.052078,GOOG,2479700
606.849165,1214.912028,2014-03-04,1216.002038,1209.502046,1215.002086,GOOG,2946300
600.745284,1202.692058,2014-03-03,1207.842036,1192.142024,1206.752026,GOOG,4225300
607.21883,1215.652097,2014-02-28,1224.192059,1206.222092,1220.342104,GOOG,4644500
608.997078,1219.212151,2014-02-27,1224.232126,1217.012037,1218.39207,GOOG,2529400
609.476541,1220.172036,2014-02-26,1228.882066,1213.762102,1224.002141,GOOG,3979100
609.391653,1220.002089,2014-02-25,1224.502055,1210.422109,1215.942121,GOOG,2888100
605.650385,1212.512071,2014-02-24,1220.162111,1205.102063,1205.362067,GOOG,3361100
601.294763,1203.792115,2014-02-21,1209.872081,1202.842033,1207.812016,GOOG,3738500
601.454563,1204.112036,2014-02-20,1206.892075,1200.222015,1203.142104,GOOG,3414300
600.570489,1202.342118,2014-02-19,1209.222069,1197.502014,1205.302029,GOOG,4222900
604.836204,1210.88208,2014-02-18,1212.872058,1200.002077,1201.412007,GOOG,4233500
600.800244,1202.802088,2014-02-14,1204.392013,1192.802082,1195.612019,GOOG,4389700
599.351695,1199.902094,2014-02-13,1199.902094,1179.662049,1180.752059,GOOG,3686400
592.753234,1186.691975,2014-02-12,1190.002071,1181.381976,1189.001997,GOOG,3461800
594.496536,1190.182065,2014-02-11,1191.872094,1172.211975,1180.172011,GOOG,4116900
585.880095,1172.93195,2014-02-10,1182.402022,1169.021957,1171.801996,GOOG,3904800
588.132849,1177.441963,2014-02-07,1177.902056,1160.562006,1167.631998,GOOG,5292000
579.401591,1159.961986,2014-02-06,1160.161952,1147.551975,1151.132,GOOG,3907600
571.029962,1143.201984,2014-02-05,1150.772013,1128.021981,1143.381977,GOOG,4806800
568.512445,1138.161914,2014-02-04,1155.001927,1137.011988,1137.991967,GOOG,5644800
566.149832,1133.431963,2014-02-03,1181.721991,1132.011985,1179.202079,GOOG,9172400
589.896102,1180.971997,2014-01-31,1186.542001,1151.132,1171.35195,GOOG,11174200
567.128832,1135.391922,2014-01-30,1152.49194,1127.251892,1145.001921,GOOG,10220800
552.908048,1106.921912,2014-01-29,1121.751974,1099.421846,1119.121909,GOOG,4777500
560.94502,1123.01193,2014-01-28,1125.751903,1109.941861,1110.321943,GOOG,4436900
550.065849,1101.23183,2014-01-27,1126.501898,1082.271837,1126.101966,GOOG,8739800
561.35459,1123.831888,2014-01-24,1153.55193,1123.001883,1151.011923,GOOG,7814000
579.471546,1160.102036,2014-01-23,1162.491946,1154.37201,1160.00193,GOOG,3912700
581.929085,1165.022028,2014-01-22,1167.892003,1158.861929,1166.611952,GOOG,3154500
581.269747,1163.702033,2014-01-21,1164.001982,1151.301947,1160.932041,GOOG,3974500
574.691299,1150.53198,2014-01-17,1160.631969,1144.201935,1156.851978,GOOG,5422800
577.533436,1156.221939,2014-01-16,1157.931941,1148.002021,1149.101955,GOOG,3380300
573.737269,1148.622013,2014-01-15,1155.001927,1143.791956,1152.991977,GOOG,3915000
574.126886,1149.402027,2014-01-14,1151.001998,1128.091944,1137.951901,GOOG,4983700
560.930026,1122.981911,2014-01-13,1146.912011,1117.171875,1126.471878,GOOG,4855800
564.526426,1130.181906,2014-01-10,1139.081977,1122.251889,1139.081977,GOOG,4302900
564.556416,1130.241944,2014-01-09,1144.221907,1125.561985,1143.442016,GOOG,4184500
570.045943,1141.231977,2014-01-08,1147.32199,1133.291913,1146.001995,GOOG,4501700
568.862096,1138.861917,2014-01-07,1139.691922,1121.161879,1125.001909,GOOG,5124300
558.102883,1117.321972,2014-01-06,1118.861905,1106.441847,1113.011924,GOOG,3551800
551.948999,1105.001897,2014-01-03,1116.931965,1104.931933,1115.001903,GOOG,3345800
556.004972,1113.121955,2014-01-02,1117.751923,1108.261879,1115.461873,GOOG,3656400
559.796182,1120.711956,2013-12-31,1121.00198,1106.261853,1112.241958,GOOG,2725900
554.176782,1109.461919,2013-12-30,1120.501943,1109.02192,1120.341921,GOOG,2481300
558.642325,1118.401934,2013-12-27,1120.281882,1112.941961,1120.001906,GOOG,3151100
558.172777,1117.461899,2013-12-26,1119.001954,1108.691952,1114.011876,GOOG,2685500
555.365586,1111.841904,2013-12-24,1115.241935,1108.101857,1114.971883,GOOG,1473800
556.993949,1115.101886,2013-12-23,1115.801889,1105.121852,1107.841852,GOOG,3456000
549.761182,1100.621886,2013-12-20,1101.171914,1088.001862,1088.301811,GOOG,6547600
542.56838,1086.221897,2013-12-19,1091.991866,1079.081818,1080.771848,GOOG,3343800
541.834068,1084.751805,2013-12-18,1084.951893,1059.041862,1071.851804,GOOG,4437100
534.396516,1069.861826,2013-12-17,1080.761801,1068.381809,1072.821859,GOOG,3082800
535.954985,1072.981881,2013-12-16,1074.691882,1062.01182,1064.001798,GOOG,3216000
529.866038,1060.791808,2013-12-13,1076.291854,1057.891813,1075.40181,GOOG,4340900
534.446458,1069.961809,2013-12-12,1082.94182,1069.001801,1079.571808,GOOG,3204800
538.107795,1077.291806,2013-12-11,1091.321883,1075.171825,1087.401842,GOOG,3436400
541.789145,1084.661869,2013-12-10,1092.311909,1075.65189,1076.151804,GOOG,3721600
538.53242,1078.141905,2013-12-09,1082.311903,1068.021822,1070.99178,GOOG,2976200
534.401535,1069.871873,2013-12-06,1070.001875,1060.081758,1069.791862,GOOG,2868200
528.14275,1057.341785,2013-12-05,1059.661854,1051.09175,1057.201858,GOOG,2275800
528.562356,1058.181837,2013-12-04,1063.981826,1050.001741,1051.37185,GOOG,2392000
526.104818,1053.261845,2013-12-03,1063.441845,1049.021761,1050.951823,GOOG,3364700
526.714214,1054.481857,2013-12-02,1066.351887,1050.761782,1063.511809,GOOG,2756600
529.266617,1059.591768,2013-11-29,1066.621816,1059.451841,1062.161794,GOOG,2394400
531.024914,1063.111877,2013-11-27,1068.00185,1060.001869,1062.031792,GOOG,2255500
528.677234,1058.411823,2013-11-26,1061.501858,1042.941796,1048.601858,GOOG,4589600
522.443481,1045.931848,2013-11-25,1053.191759,1035.021826,1037.161779,GOOG,3238000
515.430432,1031.891724,2013-11-22,1036.171752,1029.221715,1033.421732,GOOG,2517700
516.519352,1034.071744,2013-11-21,1038.311828,1026.001738,1027.001751,GOOG,2191700
510.645227,1022.311744,2013-11-20,1033.361816,1020.361771,1029.951737,GOOG,1934500
512.088788,1025.201753,2013-11-19,1034.751774,1023.051753,1031.721778,GOOG,2271600
515.260594,1031.551709,2013-11-18,1048.741785,1029.241809,1035.751726,GOOG,3532500
516.264626,1033.561782,2013-11-15,1038.001831,1030.311725,1034.871729,GOOG,2562100
517.09876,1035.231717,2013-11-14,1039.751777,1030.351791,1033.921769,GOOG,2342100
515.720166,1032.471772,2013-11-13,1032.851732,1006.501702,1006.751721,GOOG,3170500
505.385486,1011.781743,2013-11-12,1017.56176,1005.001713,1007.701742,GOOG,2445200
504.791084,1010.59175,2013-11-11,1015.931769,1008.001752,1009.511727,GOOG,2233500
507.508367,1016.031752,2013-11-08,1018.501734,1008.501728,1008.751746,GOOG,2591100
503.472377,1007.951699,2013-11-07,1023.931749,1007.641703,1022.611754,GOOG,3371700
510.865006,1022.751743,2013-11-06,1027.001751,1015.371754,1025.601746,GOOG,1832600
510.250622,1021.521745,2013-11-05,1031.651814,1017.421771,1020.351724,GOOG,2371500
512.543341,1026.111769,2013-11-04,1032.371789,1022.031768,1031.501717,GOOG,2286000
513.00787,1027.041757,2013-11-01,1036.001806,1025.10177,1031.791741,GOOG,2576100
514.776112,1030.581776,2013-10-31,1041.521818,1023.971755,1028.931813,GOOG,3292200
514.696181,1030.421755,2013-10-30,1037.511719,1026.001738,1037.431831,GOOG,2658000
517.603255,1036.241716,2013-10-29,1036.941719,1013.501731,1019.101754,GOOG,3222000
506.993866,1015.001719,2013-10-28,1023.431773,1012.991708,1015.201747,GOOG,2326000
507.09378,1015.201747,2013-10-25,1028.821783,1010.741725,1028.821783,GOOG,4076100
512.263613,1025.551754,2013-10-24,1040.571735,1024.80176,1031.871752,GOOG,4199700
515.1907,1031.411782,2013-10-23,1034.751774,1000.631688,1001.001723,GOOG,5346300
502.997872,1007.001739,2013-10-22,1013.001755,995.791707,1005.001713,GOOG,4433700
501.149699,1003.301698,2013-10-21,1019.001771,999.551726,1011.461761,GOOG,7283700
505.200653,1011.411708,2013-10-18,1015.461751,974.001682,976.581695,GOOG,23219400
443.951796,888.791495,2013-10-17,896.901567,885.73154,892.991512,GOOG,8545000
448.567193,898.031521,2013-10-16,898.331531,884.011491,885.871529,GOOG,4030200
440.565198,882.011527,2013-10-15,885.631496,874.001499,875.761492,GOOG,3195600
437.618129,876.111494,2013-10-14,876.251482,865.391513,866.661516,GOOG,2496400
435.560183,871.991487,2013-10-11,873.48149,865.301455,866.031477,GOOG,2828300
433.687071,868.241516,2013-10-10,868.831488,860.211455,863.841471,GOOG,4527400
427.503228,855.861463,2013-10-09,862.651479,842.981435,856.281489,GOOG,5322400
426.409319,853.671458,2013-10-08,865.981485,851.631488,865.321488,GOOG,3901800
432.438319,865.741514,2013-10-07,873.991513,864.111462,867.451516,GOOG,2596800
435.739997,872.351475,2013-10-04,877.511499,870.001509,875.001512,GOOG,2726100
437.608153,876.091522,2013-10-03,894.101555,872.101517,888.001495,GOOG,4249800
443.552202,887.991509,2013-10-02,889.361496,877.821495,882.731502,GOOG,3001700
443.057714,887.001544,2013-10-01,887.671527,880.051506,880.251533,GOOG,3382100
437.518246,875.911528,2013-09-30,880.841506,868.311479,869.081507,GOOG,3457600
437.758008,876.391532,2013-09-27,877.521485,871.311518,874.821518,GOOG,2527000
438.647101,878.171497,2013-09-26,882.751535,875.001512,878.301499,GOOG,2529200
438.177584,877.231523,2013-09-25,886.551498,875.601532,886.551498,GOOG,3310200
442.977783,886.841522,2013-09-24,890.101504,881.401521,886.501507,GOOG,2984600
442.807945,886.501507,2013-09-23,901.591574,885.201545,896.151511,GOOG,3568000
451.104663,903.111535,2013-09-20,904.131581,895.621516,898.391569,GOOG,8723000
448.747038,898.391569,2013-09-19,905.991557,895.401517,905.991557,GOOG,3207600
451.209564,903.321548,2013-09-18,903.971559,883.071517,886.351532,GOOG,3883800
442.613137,886.1115,2013-09-17,888.391502,881.001528,887.411523,GOOG,2528200
443.437325,887.761524,2013-09-16,897.00155,884.871516,896.201564,GOOG,2682900
444.091675,889.071533,2013-09-13,895.681555,884.841496,894.501548,GOOG,2660600
446.084684,893.061537,2013-09-12,897.901518,890.011507,897.401543,GOOG,2199100
447.64811,896.191517,2013-09-11,896.97153,886.081542,888.541538,GOOG,3233200
443.891878,888.67154,2013-09-10,892.001547,884.001505,890.021554,GOOG,2584700
443.582192,888.051548,2013-09-09,889.751502,882.421506,883.731514,GOOG,2478300
439.351393,879.581489,2013-09-06,883.781506,873.741494,882.441539,GOOG,3134800
439.341417,879.561517,2013-09-05,879.881499,871.611466,873.501523,GOOG,2592100
435.38037,871.6315,2013-09-04,873.501523,855.171446,860.351504,GOOG,4097600
429.76097,860.381462,2013-09-03,866.191498,853.951434,854.361474,GOOG,4110400
423.02771,846.901475,2013-08-30,858.041482,845.561447,855.76148,GOOG,3737100
427.288437,855.431451,2013-08-29,860.381462,848.591444,849.071447,GOOG,2968000
423.851867,848.551438,2013-08-28,855.411479,847.771425,850.251454,GOOG,2669700
424.651084,850.151471,2013-08-27,863.731502,847.901427,859.621482,GOOG,3481100
432.762969,866.391464,2013-08-26,874.901529,866.05151,870.001509,GOOG,2112800
434.67109,870.211522,2013-08-23,878.001489,869.75149,877.831482,GOOG,2162200
436.419318,873.711475,2013-08-22,874.751493,870.251466,872.701476,GOOG,1746200
434.231501,869.331464,2013-08-21,876.911479,866.501494,870.65152,GOOG,3527700
432.278457,865.421471,2013-08-20,872.111504,863.541461,868.351485,GOOG,2475100
432.393335,865.651456,2013-08-19,872.001473,857.451449,857.711453,GOOG,3635300
428.027706,856.911467,2013-08-16,862.441466,856.541494,861.281492,GOOG,3362700
429.401342,859.661487,2013-08-15,864.921495,858.001477,864.441491,GOOG,3752300
434.471263,869.811468,2013-08-14,880.2315,867.161492,878.371524,GOOG,4179900
440.185557,881.251485,2013-08-13,888.501532,876.201491,886.831536,GOOG,2850200
442.313457,885.511541,2013-08-12,887.001544,881.651539,886.9015,GOOG,2764200
444.760989,890.4115,2013-08-09,895.521533,890.001521,890.561536,GOOG,2657200
445.884887,892.661544,2013-08-08,895.841515,885.291542,895.491514,GOOG,2987000
444.880885,890.651532,2013-08-07,898.451547,889.091505,895.041529,GOOG,2768600
447.837931,896.571537,2013-08-06,909.71157,895.731546,904.691534,GOOG,3023400
452.048716,905.00153,2013-08-05,905.521539,899.201541,905.391537,GOOG,2629100
452.832939,906.571544,2013-08-02,907.001556,900.821546,903.441564,GOOG,3440600
451.65913,904.221578,2013-08-01,904.551546,895.001524,895.001524,GOOG,4292700
443.432337,887.751538,2013-07-31,896.51156,886.181525,892.991512,GOOG,4363200
445.015746,890.921523,2013-07-30,895.61153,880.871526,885.461488,GOOG,3524300
440.695071,882.271531,2013-07-29,894.82153,880.891498,884.901535,GOOG,3797800
442.233526,885.351519,2013-07-26,889.991535,882.001541,886.991496,GOOG,3568600
443.407366,887.701547,2013-07-25,896.851514,886.081542,893.871509,GOOG,6024600
450.999761,902.901521,2013-07-24,910.301543,900.70153,907.26156,GOOG,4172500
451.449326,903.801551,2013-07-23,913.001572,899.571515,910.701536,GOOG,4106600
454.895872,910.701536,2013-07-22,912.671542,897.00155,902.001553,GOOG,5828100
447.852926,896.601557,2013-07-19,902.951574,875.611518,886.611537,GOOG,14773700
454.885896,910.681564,2013-07-18,920.0016,903.191545,918.991602,GOOG,7296100
458.816985,918.551603,2013-07-17,926.86158,916.301559,921.001552,GOOG,3023400
459.34645,919.611594,2013-07-16,927.971561,913.90154,927.13157,GOOG,3980700
461.88392,924.691608,2013-07-15,928.001581,916.361598,924.301601,GOOG,3935600
461.039749,923.001578,2013-07-12,923.001578,915.241569,920.0016,GOOG,5155600
459.661125,920.241572,2013-07-11,920.811572,908.521578,913.001572,GOOG,5187700
452.543235,905.991557,2013-07-10,911.141534,900.381548,903.45155,GOOG,3429500
452.168613,905.241563,2013-07-09,912.95158,897.981529,911.001546,GOOG,3973500
452.09367,905.091527,2013-07-08,906.271534,897.081561,899.211527,GOOG,3953700
446.299475,893.491549,2013-07-05,895.411564,887.341498,890.011507,GOOG,3416500
442.772999,886.431543,2013-07-03,889.171516,878.501526,879.901532,GOOG,2101700
440.715053,882.311537,2013-07-02,891.001534,877.271528,890.201548,GOOG,3797000
443.497273,887.88154,2013-07-01,892.081558,885.001518,886.451515,GOOG,3462400
439.745998,880.371488,2013-06-28,881.841519,874.191479,874.901529,GOOG,4716100
438.097653,877.071501,2013-06-27,884.691522,876.651475,878.801536,GOOG,3867300
436.389359,873.651498,2013-06-26,878.001489,870.571509,873.75148,GOOG,3676400
432.668074,866.201484,2013-06-25,879.681533,864.511455,877.261481,GOOG,5125500
434.461287,869.791496,2013-06-24,876.321507,863.251499,871.881518,GOOG,6056300
440.025726,880.931503,2013-06-21,889.881505,873.071511,888.341511,GOOG,7994300
441.928828,884.741513,2013-06-20,901.00154,883.311488,893.991525,GOOG,6769200
449.890888,900.681558,2013-06-19,910.841586,897.501526,901.371575,GOOG,5853600
449.860899,900.621519,2013-06-18,901.00154,888.351497,888.651507,GOOG,4350000
442.683092,886.251549,2013-06-17,889.43152,878.281527,879.231487,GOOG,4308500
437.083675,875.041517,2013-06-14,884.701508,874.131501,880.101498,GOOG,4506700
438.062675,877.001476,2013-06-13,879.6615,865.501482,868.981463,GOOG,4155200
435.555195,871.981501,2013-06-12,886.001531,869.651507,885.461488,GOOG,4426100
439.466301,879.811535,2013-06-11,887.001544,879.521511,883.971486,GOOG,3528300
444.666094,890.22152,2013-06-10,891.001534,880.091512,882.101524,GOOG,4693000
439.426336,879.731524,2013-06-07,880.001515,865.321488,870.421474,GOOG,5369200
431.88884,864.641457,2013-06-06,866.331487,847.221457,864.301503,GOOG,5177400
429.421325,859.701493,2013-06-05,869.45148,857.131466,862.51149,GOOG,4229300
429.121615,859.101473,2013-06-04,870.591482,854.07145,867.851509,GOOG,3751100
433.382372,867.63151,2013-06-03,873.97148,855.021472,873.001486,GOOG,4969900
435.175585,871.221521,2013-05-31,877.001476,867.521479,868.121499,GOOG,3953500
434.945799,870.761489,2013-05-30,878.901519,866.411498,869.921498,GOOG,4257200
433.722018,868.311479,2013-05-29,877.991503,864.291456,875.711501,GOOG,4041800
440.195564,881.271518,2013-05-28,892.141535,880.401508,883.501529,GOOG,4531900
436.22451,873.321468,2013-05-24,878.821508,871.011508,875.261516,GOOG,4610700
440.954815,882.79154,2013-05-23,889.961516,874.001499,877.001476,GOOG,4567200
444.266501,889.421534,2013-05-22,909.311578,886.881527,902.561567,GOOG,5140300
453.032735,906.971536,2013-05-21,911.661543,897.611556,908.021541,GOOG,3980700
453.81197,908.531564,2013-05-20,920.601559,905.00153,905.00153,GOOG,4562300
454.136651,909.181575,2013-05-17,913.491561,900.521536,910.021566,GOOG,5604800
451.484304,903.871576,2013-05-16,919.981567,902.011539,919.001588,GOOG,6443200
457.488302,915.89158,2013-05-15,916.38157,894.021545,895.501561,GOOG,8001600
443.107656,887.101527,2013-05-14,888.691512,877.141526,877.501513,GOOG,3170300
438.327439,877.531533,2013-05-13,882.471497,873.381507,878.891533,GOOG,2907700
439.676074,880.2315,2013-05-10,880.541496,872.161495,875.311508,GOOG,3809500
435.305427,871.481464,2013-05-09,879.6615,868.231468,870.8415,GOOG,4417600
436.379383,873.631526,2013-05-08,873.881483,852.911477,857.001464,GOOG,4955000
428.187537,857.231449,2013-05-07,863.871491,850.67148,863.011466,GOOG,3932600
430.345396,861.551483,2013-05-06,861.851493,848.261476,848.261476,GOOG,4298500
422.438296,845.721469,2013-05-03,846.801431,836.001439,836.961447,GOOG,5044000
414.391317,829.611416,2013-05-02,834.551442,819.051396,820.1014,GOOG,4051600
409.805909,820.431429,2013-05-01,824.721444,816.361415,823.261399,GOOG,2920800
411.87383,824.571408,2013-04-30,827.64141,817.681409,819.001404,GOOG,4630600
409.121569,819.061382,2013-04-29,822.701385,803.001382,803.251401,GOOG,4618800
400.310381,801.421383,2013-04-26,807.741381,796.58134,807.601393,GOOG,4993900
404.146544,809.101381,2013-04-25,816.471383,807.631412,816.251384,GOOG,3999200
406.319367,813.451373,2013-04-24,818.001391,808.001385,808.111416,GOOG,3671800
403.547154,807.901403,2013-04-23,815.50139,800.361393,801.001357,GOOG,4601600
399.656031,800.111374,2013-04-22,803.96139,775.001329,800.601364,GOOG,5788300
399.536135,799.871342,2013-04-19,803.441381,766.26134,769.161334,GOOG,11649800
382.573096,765.911339,2013-04-18,785.80132,761.261276,785.351336,GOOG,6669800
390.889796,782.561372,2013-04-17,790.841329,778.10135,786.751342,GOOG,4089100
396.289386,793.37135,2013-04-16,796.001354,783.921372,786.59132,GOOG,3496900
390.575091,781.931333,2013-04-15,797.001366,777.021326,785.951356,GOOG,4924500
394.631034,790.051329,2013-04-12,792.101346,782.931345,791.991377,GOOG,3285500
394.800871,790.391345,2013-04-11,793.101359,784.061361,792.88136,GOOG,4072500
394.69597,790.181331,2013-04-10,792.351365,776.001341,782.921359,GOOG,3971900
388.437215,777.651304,2013-04-09,783.751365,773.111333,775.501304,GOOG,4330700
387.038638,774.851354,2013-04-08,779.551347,768.401293,778.751362,GOOG,5685300
391.134546,783.051362,2013-04-05,786.991374,776.401334,786.061325,GOOG,6893400
397.138544,795.071366,2013-04-04,805.751402,791.301361,804.251352,GOOG,4913400
402.697995,806.201387,2013-04-03,814.201367,800.671389,813.46142,GOOG,3489900
406.114582,813.041394,2013-04-02,814.831406,804.001395,804.541376,GOOG,4098200
400.195503,801.191398,2013-04-01,802.251388,793.251334,795.011388,GOOG,3628100
396.698985,794.191369,2013-03-28,805.371382,793.301386,803.991409,GOOG,4592600
400.929754,802.661367,2013-03-27,807.001373,801.331386,806.68139,GOOG,4342500
405.804896,812.421402,2013-03-26,814.001401,807.791372,813.501426,GOOG,2392600
404.416265,809.641362,2013-03-25,819.23139,806.821379,812.411416,GOOG,3436800
404.750953,810.311407,2013-03-22,815.241385,809.641362,814.74141,GOOG,2987400
405.225458,811.261367,2013-03-21,816.921429,809.851376,811.291387,GOOG,2966200
406.948746,814.71139,2013-03-20,817.511402,811.441361,816.831371,GOOG,2938500
405.255448,811.321406,2013-03-19,819.251423,806.451405,811.241395,GOOG,4212000
403.492194,807.791372,2013-03-18,812.761417,801.471374,805.001408,GOOG,3690300
406.743962,814.301411,2013-03-15,820.301427,813.341404,818.501429,GOOG,6222500
410.360345,821.541411,2013-03-14,826.991399,817.391385,826.991399,GOOG,3314700
412.243465,825.311416,2013-03-13,830.69144,822.311439,827.901415,GOOG,3294800
413.392303,827.611391,2013-03-12,831.891419,823.671439,830.711412,GOOG,4031600
416.993723,834.821433,2013-03-11,839.701419,831.501412,831.691453,GOOG,3201200
415.345377,831.521445,2013-03-08,834.921415,825.051412,834.501451,GOOG,5845600
415.884819,832.601408,2013-03-07,836.621431,829.581397,834.061452,GOOG,4120700
415.275422,831.381396,2013-03-06,844.00142,828.811431,841.031462,GOOG,5767400
418.88183,838.601424,2013-03-05,840.151465,828.901428,828.931447,GOOG,8118400
410.340363,821.501406,2013-03-04,822.841434,805.001408,805.301357,GOOG,5571900
402.693007,806.191401,2013-03-01,807.141361,796.151389,797.801352,GOOG,4367000
400.200491,801.201384,2013-02-28,806.991387,801.031376,801.101401,GOOG,4548500
399.491181,799.781345,2013-02-27,804.75139,791.111381,794.801375,GOOG,4067300
394.670999,790.13134,2013-02-26,795.951362,784.401315,795.001341,GOOG,4421500
394.990692,790.771365,2013-02-25,808.411364,790.491327,802.301379,GOOG,4625000
399.456234,799.711381,2013-02-22,801.251375,793.801362,799.261397,GOOG,4123100
397.3683,795.531336,2013-02-21,805.451392,791.22135,798.001379,GOOG,7039000
395.834832,792.461334,2013-02-20,808.971379,791.79135,805.301357,GOOG,5549000
403.022676,806.851398,2013-02-19,807.001373,795.281379,795.991368,GOOG,5885500
396.049623,792.891346,2013-02-15,793.261381,787.071324,787.401353,GOOG,5480000
393.517173,787.82138,2013-02-14,788.741382,777.771321,779.731341,GOOG,3483500
391.039621,782.861321,2013-02-13,785.351336,779.971312,780.131334,GOOG,2405200
389.960707,780.701335,2013-02-12,787.901329,779.371354,781.751339,GOOG,3731900
390.819841,782.421322,2013-02-11,783.00137,773.751297,778.40136,GOOG,4351800
392.293391,785.371369,2013-02-08,786.671331,779.561333,780.131334,GOOG,6062700
386.589073,773.951324,2013-02-07,778.811339,765.501298,769.701316,GOOG,5701600
384.700966,770.171333,2013-02-06,772.961297,758.501331,759.071331,GOOG,4171700
382.488177,765.741331,2013-02-05,771.111307,759.471324,761.131335,GOOG,3755300
379.131508,759.021279,2013-02-04,770.471343,758.271284,767.691304,GOOG,6103700
387.413261,775.601349,2013-02-01,776.601361,758.101277,758.201321,GOOG,7520100
377.468168,755.691272,2013-01-31,757.621273,750.251271,750.511275,GOOG,3280500
376.539109,753.831296,2013-01-30,760.95128,752.911294,753.741299,GOOG,3478900
376.464197,753.681322,2013-01-29,756.951289,746.541304,746.751256,GOOG,3507200
374.990647,750.731274,2013-01-28,755.601275,747.891257,751.761307,GOOG,3266300
376.459178,753.671274,2013-01-25,758.481297,750.251271,750.77128,GOOG,4468400
376.728929,754.211317,2013-01-24,756.831273,740.511269,741.241291,GOOG,6790600
370.380268,741.501296,2013-01-23,749.001301,735.791243,735.99127,GOOG,11862400
351.084514,702.871197,2013-01-22,705.341179,695.521167,704.661209,GOOG,7613100
351.903714,704.511235,2013-01-18,712.77122,701.331203,710.361215,GOOG,6477700
355.305306,711.321223,2013-01-17,719.641246,711.021213,717.711246,GOOG,4439500
357.238367,715.191211,2013-01-16,724.341239,713.67125,722.401253,GOOG,4061900
362.103533,724.931273,2013-01-15,735.001243,712.101236,719.33125,GOOG,7884700
361.264351,723.25123,2013-01-14,742.201299,722.351261,737.001269,GOOG,5749200
369.626004,739.99126,2013-01-11,742.431284,736.301266,742.001272,GOOG,2579900
370.370261,741.481263,2013-01-10,745.001249,733.501254,742.831277,GOOG,3685000
368.691926,738.121237,2013-01-09,738.351283,728.601234,732.271256,GOOG,4064500
366.284329,733.301227,2013-01-08,736.301266,724.431236,735.541286,GOOG,3364700
367.008634,734.751286,2013-01-07,739.381254,730.581227,735.451289,GOOG,3323800
368.617014,737.971262,2013-01-04,741.471277,727.681232,729.341243,GOOG,5547600
361.474154,723.671256,2013-01-03,731.931241,720.721209,724.931273,GOOG,4653700
361.264351,723.25123,2013-01-02,727.001263,716.551211,719.421247,GOOG,5101500
353.337268,707.38121,2012-12-31,710.571228,696.00117,700.001222,GOOG,4009600
349.655948,700.011208,2012-12-28,706.911192,700.011208,701.69119,GOOG,2814500
352.792807,706.2912,2012-12-27,708.841193,698.611202,707.141239,GOOG,3307000
354.081525,708.871213,2012-12-26,712.88125,702.411226,708.071227,GOOG,2373500
354.396199,709.501191,2012-12-24,715.181225,707.471207,714.511241,GOOG,1688000
357.458146,715.631209,2012-12-21,718.821227,710.521237,713.971199,GOOG,7078300
360.819804,722.361247,2012-12-20,724.651236,716.971237,723.261216,GOOG,3326400
359.695936,720.111264,2012-12-19,723.001211,716.681213,720.711223,GOOG,3851500
360.17543,721.07121,2012-12-18,729.101271,715.051222,716.601202,GOOG,6032300
360.030593,720.781248,2012-12-17,721.921249,704.021184,705.501201,GOOG,6093400
350.62996,701.961181,2012-12-14,707.821208,698.431208,699.171217,GOOG,4276100
350.999595,702.701189,2012-12-13,716.4712,699.551176,715.921233,GOOG,6915500
348.432167,697.561198,2012-12-12,703.511222,693.481197,699.231194,GOOG,4870100
348.092491,696.881167,2012-12-11,701.921175,687.721152,690.001154,GOOG,5395200
342.368221,685.421178,2012-12-10,691.651179,683.791187,685.391158,GOOG,2743600
341.763812,684.211152,2012-12-07,696.881167,682.4212,695.001219,GOOG,3852900
345.220364,691.13117,2012-12-06,695.611163,684.511162,687.59115,GOOG,2935500
343.567031,687.821196,2012-12-05,694.501182,682.331142,692.151216,GOOG,3738700
345.170423,691.031187,2012-12-04,695.511181,685.701154,695.001219,GOOG,3998200
347.27831,695.251176,2012-12-03,705.891207,694.111175,702.241219,GOOG,4401300
348.836748,698.37117,2012-11-30,699.221208,685.691168,691.311163,GOOG,6350800
345.600006,691.891211,2012-11-29,693.901162,682.001174,687.781191,GOOG,5573700
341.494091,683.67117,2012-11-28,684.911155,663.891157,668.011164,GOOG,6106700
335.020545,670.711131,2012-11-27,675.001145,658.00111,660.171144,GOOG,5036100
330.245316,661.151123,2012-11-26,667.001165,659.021157,666.44115,GOOG,4425700
333.651927,667.971158,2012-11-23,670.001142,666.101135,669.971123,GOOG,1851800
332.602972,665.87115,2012-11-21,669.801176,660.401129,668.991143,GOOG,4240200
334.650911,669.971123,2012-11-20,678.001184,664.571127,669.511153,GOOG,4192900
333.771793,668.21113,2012-11-19,668.921119,655.531128,655.701136,GOOG,4754100
323.267275,647.181085,2012-11-16,653.021141,636.001073,645.991093,GOOG,6902000
323.307241,647.261096,2012-11-15,660.001136,643.901131,650.00113,GOOG,3711500
325.949612,652.551123,2012-11-14,662.181156,650.501106,660.661134,GOOG,3349200
329.196361,659.051115,2012-11-13,667.601124,658.231157,663.001114,GOOG,3200200
332.617967,665.901169,2012-11-12,669.801176,660.871147,663.751108,GOOG,2822300
331.184382,663.031133,2012-11-09,668.341132,650.30114,654.651132,GOOG,6251500
325.81974,652.291119,2012-11-08,671.491145,651.231128,670.201169,GOOG,5213300
333.227333,667.12112,2012-11-07,678.231169,666.491142,675.001145,GOOG,4481200
340.520079,681.721197,2012-11-06,686.501201,677.551138,685.481155,GOOG,3177300
341.139451,682.961182,2012-11-05,686.861189,675.56116,684.501176,GOOG,3283900
343.616973,687.921179,2012-11-02,695.551186,687.371151,694.791206,GOOG,4666100
343.452123,687.59115,2012-11-01,690.901184,678.721159,679.501173,GOOG,4115500
339.810768,680.301158,2012-10-31,681.001161,675.001145,679.86116,GOOG,3085400
337.238352,675.151181,2012-10-26,683.031145,671.201121,676.501134,GOOG,3916200
338.542034,677.761151,2012-10-25,682.001174,673.511143,680.001148,GOOG,4820100
338.312278,677.301181,2012-10-24,687.001177,675.271136,686.80115,GOOG,5011600
339.835739,680.35115,2012-10-23,687.331206,672.001168,672.011154,GOOG,5855000
338.996587,678.671167,2012-10-22,684.631178,669.701132,681.011147,GOOG,8141500
340.555025,681.791161,2012-10-19,706.701241,672.001168,705.581211,GOOG,23050400
347.153456,695.001219,2012-10-18,759.421272,676.001158,755.541298,GOOG,24977900
377.368285,755.491306,2012-10-17,756.341283,740.261251,743.951306,GOOG,4602900
371.978672,744.7013,2012-10-16,746.991289,736.461288,740.131248,GOOG,4131800
370.120523,740.981287,2012-10-15,743.83129,730.701243,741.941294,GOOG,6060700
372.003642,744.751292,2012-10-12,754.871314,744.10128,751.851304,GOOG,4826400
375.365269,751.481269,2012-10-11,758.501331,750.291276,752.901308,GOOG,4785600
371.908717,744.561251,2012-10-10,747.53127,738.291244,741.861283,GOOG,4095000
371.673973,744.091294,2012-10-09,761.321314,742.531267,759.67129,GOOG,6028900
378.542094,757.841272,2012-10-08,763.581283,754.151278,761.001332,GOOG,3931800
383.442207,767.651298,2012-10-05,774.381337,765.011309,770.711314,GOOG,5492200
383.642004,768.051291,2012-10-04,769.891295,759.4013,762.751278,GOOG,4926700
380.869791,762.501321,2012-10-03,763.921299,752.201305,755.721291,GOOG,4433100
378.11753,756.991295,2012-10-02,765.991288,750.271304,765.201288,GOOG,5601200
380.510132,761.781285,2012-10-01,765.001323,756.211281,759.051298,GOOG,6359700
376.873766,754.501279,2012-09-28,759.301317,751.151301,754.151278,GOOG,5587700
377.87278,756.501305,2012-09-27,762.841336,751.651276,759.951328,GOOG,7891600
376.354307,753.461322,2012-09-26,761.241304,741.001259,749.851278,GOOG,11388200
374.206424,749.161261,2012-09-25,764.891292,747.661272,753.051282,GOOG,12162400
374.316314,749.38126,2012-09-24,750.041258,730.251259,731.001253,GOOG,7154200
366.628993,733.991244,2012-09-21,734.921232,730.121256,732.211279,GOOG,12765800
363.696918,728.121231,2012-09-20,731.381274,721.221246,724.471242,GOOG,5836500
363.387232,727.501238,2012-09-19,728.561229,716.411223,717.501232,GOOG,6219700
358.781841,718.281246,2012-09-18,718.661206,706.78119,707.781203,GOOG,4149000
354.635961,709.981194,2012-09-17,712.88125,705.001225,708.111232,GOOG,3027800
354.486137,709.681246,2012-09-14,713.001205,707.011237,709.601235,GOOG,5256500
352.667923,706.041182,2012-09-13,709.001215,690.541197,693.09119,GOOG,5337900
345.095511,690.881212,2012-09-12,694.911222,680.881145,689.411182,GOOG,5304300
345.74983,692.19116,2012-09-11,700.651172,691.001167,697.961191,GOOG,3761500
350.035559,700.771188,2012-09-10,712.811225,698.391203,709.761195,GOOG,5139100
352.722883,706.151212,2012-09-07,712.251211,697.671167,700.001222,GOOG,6490100
349.35125,699.401202,2012-09-06,699.891192,684.731161,685.961159,GOOG,6109700
340.020572,680.721185,2012-09-05,686.501201,679.141185,680.001148,GOOG,3429100
340.180403,681.041167,2012-09-04,685.001151,673.501157,684.551167,GOOG,3793200
342.203371,685.091148,2012-08-31,688.581177,680.041154,684.0012,GOOG,4270000
340.500096,681.681192,2012-08-30,687.391184,680.181142,684.241171,GOOG,3265900
343.661926,688.011176,2012-08-29,688.991156,676.151133,677.371145,GOOG,6002900
338.287307,677.25119,2012-08-28,677.621163,664.741135,665.001139,GOOG,4132600
334.276288,669.221129,2012-08-27,672.001168,659.241156,662.991127,GOOG,5246900
338.976604,678.631162,2012-08-24,680.451194,674.081143,675.601165,GOOG,2863800
338.062509,676.801144,2012-08-23,680.481152,671.001155,674.271184,GOOG,3581700
338.25233,677.181165,2012-08-22,680.601168,666.701155,667.381125,GOOG,3832600
334.421155,669.511153,2012-08-21,678.001184,662.171108,673.11115,GOOG,4461000
337.433161,675.541188,2012-08-20,678.871194,672.661165,675.501182,GOOG,3529300
338.232347,677.141159,2012-08-17,677.25119,671.701158,674.121149,GOOG,4371600
336.09949,672.871179,2012-08-16,674.641158,667.081115,667.511127,GOOG,3448200
333.437136,667.541146,2012-08-15,674.251151,664.101109,670.281119,GOOG,4839400
333.996591,668.661175,2012-08-14,672.851145,659.001123,659.251142,GOOG,7350800
329.675885,660.011122,2012-08-13,660.151111,646.681109,647.421118,GOOG,6560200
320.679864,642.001088,2012-08-10,642.241121,636.131075,638.591071,GOOG,2879800
320.85469,642.35109,2012-08-09,646.371113,641.521085,644.511076,GOOG,2148500
320.794742,642.231074,2012-08-08,645.871138,638.501074,639.051103,GOOG,2654200
319.950602,640.541105,2012-08-07,644.261119,636.47109,641.791075,GOOG,3978300
321.089464,642.821108,2012-08-06,649.381138,639.22111,639.611117,GOOG,3578000
320.345207,641.331105,2012-08-03,643.721076,636.141061,640.001124,GOOG,3808300
314.061482,628.751087,2012-08-02,638.031118,623.411068,625.511077,GOOG,3970100
316.024532,632.681113,2012-08-01,639.511073,631.38109,637.301095,GOOG,3702900
316.169369,632.971076,2012-07-31,636.50111,628.221091,628.261097,GOOG,3745100
315.834711,632.301092,2012-07-30,642.601108,629.501081,636.051064,GOOG,4389700
317.163394,634.961116,2012-07-27,635.00106,617.501049,618.891069,GOOG,7125900
306.374161,613.361071,2012-07-26,616.871071,610.031064,615.001048,GOOG,3382900
303.691825,607.991033,2012-07-25,613.381043,605.371015,608.321062,GOOG,3659600
303.482052,607.571068,2012-07-24,617.931061,604.341044,615.001048,GOOG,4033800
307.448087,615.511071,2012-07-23,618.351088,598.251031,600.481042,GOOG,7150000
305.105426,610.821064,2012-07-20,612.941044,598.181006,608.76106,GOOG,12975800
296.234259,593.060987,2012-07-19,598.481016,586.000981,586.141031,GOOG,9384300
290.090413,580.761007,2012-07-18,583.69102,576.130977,576.981016,GOOG,3107900
288.077421,576.730997,2012-07-17,580.67101,568.400987,578.431013,GOOG,3372700
287.173333,574.921012,2012-07-16,579.190993,571.780986,576.37101,GOOG,2936100
287.972519,576.520984,2012-07-13,579.150988,568.550962,572.150959,GOOG,3966700
284.955526,570.480963,2012-07-12,571.93096,562.090975,567.120998,GOOG,4636800
285.310166,571.190952,2012-07-11,577.850965,564.940978,576.300985,GOOG,7024700
290.55993,581.700981,2012-07-10,592.431009,578.741009,590.191012,GOOG,3860500
292.712801,586.011028,2012-07-09,588.601027,581.250996,584.950977,GOOG,3443000
292.697807,585.981009,2012-07-06,593.521019,582.82101,592.451042,GOOG,4339700
297.662856,595.921037,2012-07-05,600.061016,588.540988,588.760987,GOOG,4709200
293.621878,587.830999,2012-07-03,588.410986,578.001001,580.011012,GOOG,2387800
289.945546,580.470983,2012-07-02,583.001004,576.501012,581.820997,GOOG,3323300
289.745749,580.07099,2012-06-29,580.130967,572.201012,574.960957,GOOG,5057800
281.873596,564.310939,2012-06-28,566.230954,557.210927,565.900986,GOOG,3856100
284.366112,569.300956,2012-06-27,573.990963,566.020941,567.700985,GOOG,3397200
282.058429,564.680974,2012-06-26,566.600989,559.480944,562.760959,GOOG,2710500
280.070407,560.700956,2012-06-25,568.090991,557.350977,567.33095,GOOG,3174900
285.455033,571.480976,2012-06-22,571.480976,565.820975,568.000995,GOOG,4472400
282.323161,565.210969,2012-06-21,579.841005,563.730952,579.841005,GOOG,4037600
288.467038,577.511011,2012-06-20,580.000965,573.510959,579.810985,GOOG,4710800
290.475012,581.530973,2012-06-19,584.280993,573.120953,573.59097,GOOG,4167900
285.140358,570.850997,2012-06-18,574.210962,559.250959,562.620971,GOOG,5012400
281.97351,564.510966,2012-06-15,564.520952,557.090972,560.340968,GOOG,6024800
279.24622,559.050931,2012-06-14,565.070981,556.520972,561.300976,GOOG,4707200
280.265216,561.090963,2012-06-13,567.000982,558.680958,561.720941,GOOG,3923000
282.268201,565.100939,2012-06-12,570.300969,558.580975,569.770974,GOOG,6472500
283.966519,568.50097,2012-06-11,585.321011,566.690986,584.21103,GOOG,5342100
289.93557,580.451011,2012-06-08,581.000978,574.580997,575.851001,GOOG,2831300
288.826666,578.230986,2012-06-07,587.891038,577.251006,587.601014,GOOG,3530100
289.995487,580.570966,2012-06-06,581.970971,573.611004,576.480979,GOOG,4207200
284.920579,570.410999,2012-06-05,578.131003,566.470986,575.451008,GOOG,4697200
289.00648,578.590973,2012-06-04,580.491016,570.011006,570.220958,GOOG,4883500
285.205295,570.981,2012-06-01,572.650996,568.350996,571.790972,GOOG,6138700
290.140354,580.86099,2012-05-31,590.001032,579.001013,588.720982,GOOG,5958800
293.821674,588.230992,2012-05-30,591.901014,583.530999,588.161028,GOOG,3827600
296.873645,594.341038,2012-05-29,599.131028,588.320989,595.811007,GOOG,5230900
295.47005,591.53104,2012-05-25,601.731012,588.280983,601.001051,GOOG,7190500
301.528978,603.661013,2012-05-24,611.921059,598.871023,609.161053,GOOG,3796600
304.426106,609.461063,2012-05-23,609.601052,597.121016,601.651001,GOOG,6379900
300.100412,600.801024,2012-05-22,613.811055,596.001048,613.441081,GOOG,6126600
306.748784,614.111065,2012-05-21,615.691064,600.001038,600.511,GOOG,6173800
299.900615,600.401031,2012-05-18,632.421109,596.701051,625.101098,GOOG,11991700
311.214326,623.051081,2012-05-17,637.851124,621.231049,633.8311,GOOG,6732700
314.151389,628.93108,2012-05-16,630.101101,615.941083,617.961081,GOOG,9706300
305.250263,611.111026,2012-05-15,615.001048,603.75101,605.351043,GOOG,4219900
301.698816,604.001029,2012-05-14,608.501056,600.581025,600.781052,GOOG,3662400
302.3132,605.231027,2012-05-11,614.551063,604.771056,610.351046,GOOG,4214400
306.524016,613.661081,2012-05-10,616.19104,610.23103,612.961078,GOOG,3083200
304.271262,609.151067,2012-05-09,616.381081,601.811023,606.821012,GOOG,4675000
306.089446,612.79107,2012-05-08,616.901029,600.701041,605.531037,GOOG,5374600
303.472045,607.551034,2012-05-07,610.571045,595.001035,595.001035,GOOG,4003800
298.187334,596.971042,2012-05-04,607.89105,596.81102,605.921044,GOOG,4431300
305.205309,611.021029,2012-05-03,614.83104,608.95104,609.621024,GOOG,3749900
303.327209,607.261072,2012-05-02,608.111049,600.611044,601.201017,GOOG,3235000
301.913607,604.431041,2012-05-01,611.601077,600.191018,603.791016,GOOG,4019600
302.12341,604.851067,2012-04-30,616.081071,600.611044,612.991036,GOOG,4832600
307.183354,614.981076,2012-04-27,616.741069,610.601065,615.021081,GOOG,3284900
307.428105,615.471065,2012-04-26,618.001086,609.701035,610.911061,GOOG,4200600
304.555978,609.721068,2012-04-25,611.351059,602.881061,604.001029,GOOG,3655800
300.335186,601.271042,2012-04-24,606.631032,597.321043,598.241045,GOOG,3872600
298.502008,597.60102,2012-04-23,598.450997,590.200998,592.901027,GOOG,4411900
297.73278,596.061026,2012-04-20,608.851057,595.831041,604.251047,GOOG,6139700
299.351167,599.301036,2012-04-19,616.261065,599.001026,605.691058,GOOG,6613800
303.422104,607.451052,2012-04-18,612.801056,602.811036,608.051072,GOOG,5358900
304.481035,609.571032,2012-04-17,617.691029,607.011053,608.561033,GOOG,6070400
302.732776,606.071018,2012-04-16,623.811061,601.661049,623.001089,GOOG,11426700
311.988542,624.601061,2012-04-13,648.991131,623.54107,647.55112,GOOG,16379700
325.180384,651.011129,2012-04-12,653.141096,640.261067,642.35109,GOOG,11556300
317.662871,635.961067,2012-04-11,636.001073,631.30108,633.971089,GOOG,4414300
313.117428,626.861091,2012-04-10,634.501084,624.551069,633.521104,GOOG,4982500
315.105449,630.841109,2012-04-09,635.331089,625.291078,628.481096,GOOG,4381600
315.844688,632.321064,2012-04-05,636.431085,628.571093,632.241054,GOOG,4654700
317.258289,635.151095,2012-04-04,639.001111,631.101052,638.451083,GOOG,3267300
320.989551,642.621081,2012-04-03,647.951113,638.641124,645.411106,GOOG,4105000
323.137403,646.921081,2012-04-02,647.501129,634.841099,640.77109,GOOG,4585400
320.300254,641.241108,2012-03-30,653.491097,641.001076,651.751137,GOOG,4638700
323.88166,648.411083,2012-03-29,656.591119,644.301124,653.441106,GOOG,3862900
327.553004,655.761114,2012-03-28,658.591144,651.081093,652.031114,GOOG,5096700
323.187375,647.021125,2012-03-27,653.501144,644.8011,647.031111,GOOG,4029400
324.341201,649.331085,2012-03-26,649.491107,639.541092,645.001127,GOOG,3651900
320.974587,642.591122,2012-03-23,648.501141,640.901093,646.601099,GOOG,3894800
322.702863,646.051131,2012-03-22,648.80109,631.00107,638.501074,GOOG,4838400
319.670874,639.981091,2012-03-21,647.391098,632.511106,634.611114,GOOG,4957600
316.429113,633.491085,2012-03-20,636.061111,627.27107,630.921059,GOOG,3092400
316.673864,633.981075,2012-03-19,637.271076,621.241035,623.121044,GOOG,4361800
312.208321,625.041059,2012-03-16,625.91107,620.051042,620.891095,GOOG,6123800
310.255278,621.131066,2012-03-15,623.501065,614.83104,616.60108,GOOG,4888300
307.687849,615.991074,2012-03-14,622.78109,613.461054,615.001048,GOOG,5895700
308.581962,617.781087,2012-03-13,617.851051,605.551009,608.751074,GOOG,4508300
302.273235,605.151016,2012-03-12,607.001067,599.26103,600.001038,GOOG,3350400
299.825703,600.251057,2012-03-09,611.901026,600.001038,607.951027,GOOG,5361100
303.267261,607.141056,2012-03-08,611.501033,606.351056,610.04105,GOOG,2700900
303.097423,606.80104,2012-03-07,611.191037,605.861066,609.051023,GOOG,2538400
302.17834,604.961036,2012-03-06,608.811052,593.841001,608.051072,GOOG,6372500
306.818708,614.251053,2012-03-05,622.491066,611.381078,620.431063,GOOG,3198400
310.315226,621.251082,2012-03-02,624.001041,620.321094,622.001076,GOOG,3158300
310.889645,622.401069,2012-03-01,625.701057,618.151061,622.261081,GOOG,4492000
308.816705,618.251043,2012-02-29,625.601074,615.501085,618.601045,GOOG,6297200
308.886629,618.391032,2012-02-28,619.771065,607.681037,610.001045,GOOG,5716400
304.351163,609.311028,2012-02-27,612.361058,605.061019,606.591027,GOOG,3641300
304.645885,609.901062,2012-02-24,611.651069,605.511065,607.351069,GOOG,3885600
302.752759,606.111023,2012-02-23,607.941041,600.35104,607.001067,GOOG,4125300
303.666854,607.941041,2012-02-22,616.781074,606.711043,611.961065,GOOG,3948700
306.693824,614.001035,2012-02-21,617.88107,602.881061,603.871026,GOOG,4980100
302.018509,604.641054,2012-02-17,607.631045,602.401057,604.971022,GOOG,4916400
302.957574,606.521064,2012-02-16,608.811052,597.731022,602.821022,GOOG,5080700
302.47805,605.561056,2012-02-15,612.931058,602.561017,612.931058,GOOG,4869900
304.575961,609.761073,2012-02-14,612.00107,604.761009,611.541039,GOOG,3620900
305.794723,612.201036,2012-02-13,613.841074,610.021017,610.50102,GOOG,3646100
302.652876,605.911058,2012-02-10,608.131021,604.001029,607.881064,GOOG,4667700
305.425089,611.461028,2012-02-09,614.501072,609.001032,612.021042,GOOG,4546300
304.620914,609.85107,2012-02-08,611.351059,604.741037,608.641044,GOOG,3686400
303.082428,606.771021,2012-02-07,609.391039,603.761057,607.151042,GOOG,4199700
304.241273,609.091029,2012-02-06,610.83105,594.011009,595.011021,GOOG,7386700
297.867641,596.331016,2012-02-03,597.071025,588.050998,590.66103,GOOG,6360700
292.263236,585.110998,2012-02-02,586.411021,582.081002,584.871027,GOOG,4847400
290.12536,580.83097,2012-02-01,585.501005,579.141002,584.940991,GOOG,4658700
289.765732,580.110995,2012-01-31,584.001016,575.150998,583.001004,GOOG,4300700
288.556945,577.691005,2012-01-30,580.000965,573.40099,578.050992,GOOG,4678400
289.700796,579.980993,2012-01-27,580.321008,569.330975,570.780973,GOOG,7262000
283.766722,568.100977,2012-01-26,574.481014,564.550972,571.980951,GOOG,6476500
284.461038,569.490997,2012-01-25,578.71099,566.38099,577.511011,GOOG,10012700
290.175332,580.931014,2012-01-24,587.681025,578.001001,586.321024,GOOG,6134400
292.468021,585.520977,2012-01-23,588.661004,583.161025,586.000981,GOOG,6851300
292.702795,585.990995,2012-01-20,591.000984,581.700981,590.531028,GOOG,21231800
319.46609,639.571112,2012-01-19,640.99109,631.461101,640.99109,GOOG,12657800
316.13941,632.911098,2012-01-18,634.001108,622.121093,626.631045,GOOG,5544000
313.976563,628.581079,2012-01-17,631.98111,625.681084,631.98111,GOOG,3832800
312.18335,624.991068,2012-01-13,626.951088,621.061041,626.261071,GOOG,4631800
314.506029,629.641069,2012-01-12,632.891065,626.501104,631.221069,GOOG,3764400
312.667863,625.961061,2012-01-11,629.391051,621.12108,623.501065,GOOG,4817800
311.259279,623.141078,2012-01-10,633.801081,616.911076,629.751099,GOOG,8824000
310.919604,622.461047,2012-01-09,647.001092,621.231049,646.501116,GOOG,11688800
324.685865,650.021102,2012-01-06,660.001136,649.791117,659.151159,GOOG,5405900
329.176378,659.011109,2012-01-05,663.971168,656.231131,662.131164,GOOG,6590300
333.80677,668.281154,2012-01-04,670.251161,660.621128,665.031159,GOOG,5749400
332.373186,665.411118,2012-01-03,668.151152,652.371129,652.94113,GOOG,7380500
322.62792,645.901096,2011-12-30,646.76112,642.021122,642.021122,GOOG,3577800
320.879661,642.401081,2011-12-29,643.001101,635.201087,641.491127,GOOG,3162500
319.531026,639.701114,2011-12-28,645.001127,638.101081,642.751083,GOOG,4270200
319.805735,640.251081,2011-12-27,644.491104,632.001082,632.051074,GOOG,3224800
316.254288,633.141084,2011-12-23,634.681078,630.561071,632.001082,GOOG,2918200
314.536018,629.701108,2011-12-22,631.731092,627.011065,627.951101,GOOG,3658200
312.597938,625.821073,2011-12-21,631.821089,618.961032,630.011104,GOOG,5014400
314.870675,630.371091,2011-12-20,631.841061,627.991106,628.001092,GOOG,4794200
310.604929,621.831069,2011-12-19,628.501068,620.001051,628.011078,GOOG,4302900
312.667863,625.961061,2011-12-16,629.321087,621.471081,624.321084,GOOG,8952000
309.461079,619.54108,2011-12-15,624.001041,618.691042,622.521085,GOOG,4835200
308.726798,618.07105,2011-12-14,624.321084,612.49106,621.851041,GOOG,7836600
312.503043,625.631093,2011-12-13,636.561087,622.851054,628.761073,GOOG,8086500
312.383147,625.391061,2011-12-12,626.18106,620.291075,621.88106,GOOG,4384100
313.397156,627.421106,2011-12-09,629.131107,617.011059,618.001086,GOOG,5553100
307.717808,616.051052,2011-12-08,627.451064,615.301058,621.041069,GOOG,4844200
311.384164,623.391096,2011-12-07,625.661051,618.101069,621.681094,GOOG,4531500
311.573954,623.771056,2011-12-06,628.621084,620.241083,622.991042,GOOG,4670300
312.51302,625.651065,2011-12-05,631.9011,622.401069,627.641105,GOOG,6418800
309.870648,620.361038,2011-12-02,624.001041,616.261065,617.051065,GOOG,8201900
306.578946,613.77105,2011-12-01,616.00106,599.001026,600.001038,GOOG,7268300
299.39612,599.391032,2011-11-30,599.511049,592.090994,597.951021,GOOG,6819300
291.174315,582.930979,2011-11-29,590.36102,581.331007,587.88099,GOOG,3677200
293.801692,588.190986,2011-11-28,588.821026,576.501012,579.370987,GOOG,5678900
281.219276,563.000991,2011-11-25,574.271001,561.330934,565.190997,GOOG,3136400
284.770724,570.110989,2011-11-23,580.250984,570.110989,575.350963,GOOG,4668900
289.710772,580.000965,2011-11-22,584.97101,575.240995,580.000965,GOOG,4828600
290.18032,580.941,2011-11-21,588.500982,572.090982,587.761035,GOOG,6025000
297.143366,594.881019,2011-11-18,604.501066,593.751004,602.001003,GOOG,6599900
300.135389,600.871049,2011-11-17,612.291033,596.781001,610.051036,GOOG,7012700
305.430107,611.471075,2011-11-16,618.301035,610.611051,612.08102,GOOG,5236500
307.972565,616.561075,2011-11-15,618.081036,610.50102,612.801056,GOOG,5372000
306.194317,613.001022,2011-11-14,618.081036,607.78102,608.001019,GOOG,6401200
303.871638,608.35102,2011-11-11,612.091067,598.601033,601.301061,GOOG,7983700
297.24328,595.081046,2011-11-10,605.951063,591.560999,605.93103,GOOG,5758200
300.175355,600.95106,2011-11-09,609.391039,598.66101,604.261033,GOOG,7449700
305.864648,612.341024,2011-11-08,614.37107,603.601036,609.001032,GOOG,6081400
303.861662,608.331048,2011-11-07,608.781033,592.231043,593.320992,GOOG,6739900
297.772746,596.141037,2011-11-04,599.741034,592.431009,593.501047,GOOG,5690700
298.452066,597.501037,2011-11-03,597.501037,583.720979,587.000994,GOOG,5359500
292.118369,584.820974,2011-11-02,587.961001,580.480969,584.900985,GOOG,4257600
289.03647,578.651012,2011-11-01,585.510991,576.750969,580.101009,GOOG,6273500
296.024487,592.641022,2011-10-31,599.691042,591.671029,595.091032,GOOG,5134700
299.770743,600.141027,2011-10-28,602.301013,594.251041,594.521032,GOOG,5034700
299.036462,598.670996,2011-10-27,602.701006,593.30102,598.421039,GOOG,7588800
292.862626,586.310977,2011-10-26,590.181026,572.861009,589.550987,GOOG,5767600
291.289223,583.161025,2011-10-25,595.001035,582.851029,593.100993,GOOG,5099900
297.912594,596.421013,2011-10-24,599.971019,586.501018,586.721017,GOOG,6879400
294.950561,590.491022,2011-10-21,592.750991,586.700984,589.510981,GOOG,6807300
291.54395,583.670987,2011-10-20,588.890989,579.510975,581.901008,GOOG,6783200
290.060424,580.700968,2011-10-19,592.061036,579.221013,587.341009,GOOG,5884900
294.960537,590.510994,2011-10-18,592.561011,577.400981,580.191006,GOOG,7630000
290.91457,582.41097,2011-10-17,591.830989,578.001001,583.720979,GOOG,8046400
295.544962,591.681015,2011-10-14,599.601046,587.570994,599.471043,GOOG,17123600
279.216261,558.990954,2011-10-13,559.00094,548.020954,550.030966,GOOG,11417700
273.976503,548.500958,2011-10-12,555.230935,544.630909,548.130923,GOOG,6379300
271.319137,543.180912,2011-10-11,546.800942,533.460944,533.460944,GOOG,5728100
268.317138,537.17091,2011-10-10,537.47092,523.200872,525.180925,GOOG,4661700
257.303137,515.120881,2011-10-07,520.500904,510.300871,516.830882,GOOG,5733100
257.098352,514.710902,2011-10-06,515.230911,502.60087,507.50086,GOOG,6874200
252.098341,504.700879,2011-10-05,507.80087,480.770809,496.350836,GOOG,9102100
250.699734,501.900867,2011-10-04,503.440861,480.600832,490.030838,GOOG,8348700
247.512918,495.520861,2011-10-03,512.000887,495.000852,509.850887,GOOG,8982200
257.263172,515.04087,2011-09-30,524.000919,514.380872,520.21088,GOOG,5467500
263.48698,527.500933,2011-09-29,537.300912,519.410895,536.040895,GOOG,5834900
264.156294,528.8409,2011-09-28,544.020903,527.700899,541.500929,GOOG,4543500
269.401071,539.340943,2011-09-27,547.050961,536.050942,538.200942,GOOG,6044300
265.679785,531.89093,2011-09-26,532.930887,513.250888,527.250915,GOOG,5288000
262.492954,525.510893,2011-09-23,526.420909,514.500888,516.560892,GOOG,5575300
260.070362,520.660865,2011-09-22,528.780923,514.000851,526.250902,GOOG,8833500
269.331146,539.200955,2011-09-21,555.00095,538.86094,547.690925,GOOG,5047400
273.042425,546.630935,2011-09-20,558.520936,542.67095,549.400927,GOOG,5578900
273.062408,546.67094,2011-09-19,549.900964,535.380897,540.350942,GOOG,4955200
273.067396,546.680926,2011-09-16,546.840948,543.140906,544.800917,GOOG,7095000
271.00945,542.56092,2011-09-15,544.98091,534.560939,535.500914,GOOG,5943700
265.769692,532.070924,2011-09-14,536.950911,525.820889,532.590933,GOOG,5408900
264.49597,529.520931,2011-09-13,533.880909,523.400899,532.000899,GOOG,4726000
264.795649,530.12089,2011-09-12,531.990913,517.500866,517.960897,GOOG,5360700
262.163285,524.850896,2011-09-09,534.650936,521.190921,531.40094,GOOG,6562000
267.213253,534.960932,2011-09-08,539.100911,531.900916,533.800898,GOOG,4778700
266.748723,534.030944,2011-09-07,535.940912,527.400889,530.450919,GOOG,5532200
260.829614,522.180887,2011-09-06,522.760873,510.500868,510.800878,GOOG,5451900
262.158297,524.84091,2011-09-02,527.920898,520.73089,524.470875,GOOG,4820300
265.984484,532.500936,2011-09-01,543.830923,531.220885,540.750935,GOOG,4849000
270.210264,540.960948,2011-08-31,546.300967,536.000889,544.740939,GOOG,5406700
270.080391,540.700944,2011-08-30,542.990932,530.810906,538.190895,GOOG,6000300
269.271198,539.080939,2011-08-29,539.450912,533.560927,534.560939,GOOG,4689000
263.167287,526.860908,2011-08-26,530.450919,513.140888,519.990881,GOOG,7219400
259.760676,520.040873,2011-08-25,537.270893,518.300913,530.380894,GOOG,6610500
261.38405,523.290869,2011-08-24,530.000935,517.230875,519.330884,GOOG,7215800
259.151279,518.820861,2011-08-23,521.41092,499.06085,503.50087,GOOG,8726000
248.836597,498.170868,2011-08-22,507.000884,494.530834,504.000876,GOOG,9848500
245.21521,490.920851,2011-08-19,514.870862,490.860843,499.340858,GOOG,10860500
252.188248,504.880873,2011-08-18,524.890901,500.490845,523.470924,GOOG,12628400
266.309134,533.150886,2011-08-17,543.690935,530.770901,540.030899,GOOG,8188700
269.231233,539.000928,2011-08-16,552.440971,530.300883,552.430924,GOOG,13930700
278.337143,557.230961,2011-08-15,564.99097,546.050948,553.430936,GOOG,14343200
281.603875,563.770958,2011-08-12,570.500996,560.400946,569.500983,GOOG,6332200
280.784706,562.130981,2011-08-11,568.50097,548.410961,553.820943,GOOG,9697300
274.231229,549.01092,2011-08-10,564.120959,547.730931,561.380987,GOOG,10779400
286.419069,573.410976,2011-08-09,574.610955,541.01094,561.000966,GOOG,12987800
272.737727,546.020929,2011-08-08,569.000946,544.350932,562.980958,GOOG,15049300
289.231278,579.041019,2011-08-05,590.001032,562.000979,582.540972,GOOG,11902500
288.472026,577.520997,2011-08-04,598.851051,577.471005,594.500998,GOOG,9866000
300.285244,601.171059,2011-08-03,603.001016,583.630982,594.271013,GOOG,7680000
295.90459,592.40099,2011-08-02,609.671015,591.570985,606.001054,GOOG,6425100
303.082428,606.771021,2011-08-01,615.501085,599.181019,611.221057,GOOG,7961800
301.543972,603.691033,2011-07-29,614.961042,603.691033,604.231014,GOOG,8305700
305.165344,610.941019,2011-07-28,615.981027,603.001016,605.191021,GOOG,6240000
303.307226,607.221066,2011-07-27,620.951072,604.751023,617.181067,GOOG,7898200
310.949593,622.521085,2011-07-26,627.501055,617.221072,618.051078,GOOG,4703200
309.181351,618.981066,2011-07-25,625.411094,613.001022,613.361071,GOOG,6286600
308.806729,618.231071,2011-07-22,619.501075,604.271019,605.391048,GOOG,7082700
303.192318,606.99102,2011-07-21,608.061058,594.011009,594.031042,GOOG,6964900
297.37814,595.351037,2011-07-20,602.831008,595.351037,602.181058,GOOG,4472200
300.974541,602.551031,2011-07-19,604.681059,595.531031,596.141037,GOOG,5957200
297.173325,594.940997,2011-07-18,602.051056,592.000997,592.490987,GOOG,8970000
298.512015,597.621053,2011-07-15,600.251057,588.161028,597.501037,GOOG,27567000
264.206235,528.940883,2011-07-14,542.000905,526.730905,539.120944,GOOG,13348700
268.861598,538.26092,2011-07-13,544.000931,536.480893,537.000902,GOOG,5601200
266.738717,534.010911,2011-07-12,539.420954,526.000883,528.160931,GOOG,5703600
263.37709,527.280934,2011-07-11,535.980917,525.500907,528.180903,GOOG,5699800
265.729727,531.990913,2011-07-08,537.650914,527.270887,532.950921,GOOG,9576100
273.02743,546.600915,2011-07-07,550.680916,535.880934,541.000954,GOOG,7900400
267.41305,535.360925,2011-07-06,538.510938,533.040917,533.500888,GOOG,5411300
265.954494,532.440897,2011-07-05,535.400931,525.30088,525.30088,GOOG,7727100
260.255195,521.0309,2011-07-01,521.180874,506.380861,506.740879,GOOG,7300500
252.937493,506.380861,2011-06-30,506.670855,501.500874,501.990864,GOOG,4874900
248.536887,497.570848,2011-06-29,500.250843,492.380834,496.540846,GOOG,4703400
246.57884,493.650838,2011-06-28,496.210847,484.020836,484.020836,GOOG,5450500
241.159253,482.800824,2011-06-27,488.400847,473.600804,474.000827,GOOG,6915100
237.203209,474.880824,2011-06-24,480.750837,473.020817,480.680813,GOOG,7639700
239.870535,480.220812,2011-06-23,482.860832,473.730806,482.13084,GOOG,9639300
243.262151,487.010827,2011-06-22,492.350846,486.73082,491.450846,GOOG,4832200
246.254174,493.000857,2011-06-21,493.940862,484.730825,487.190821,GOOG,5551400
242.048362,484.58082,2011-06-20,486.230844,479.230815,485.000846,GOOG,6079800
242.268141,485.020818,2011-06-17,506.690857,484.800819,506.180865,GOOG,10530000
249.935494,500.370859,2011-06-16,506.570872,496.670849,502.810853,GOOG,5534600
251.224212,502.950872,2011-06-15,508.350868,500.610861,505.030878,GOOG,4162000
253.931504,508.37087,2011-06-14,514.080862,506.990867,508.150871,GOOG,4700400
252.11332,504.730868,2011-06-13,510.200888,502.170858,510.000861,GOOG,4872700
254.500935,509.510871,2011-06-10,516.690894,509.290872,514.080862,GOOG,4898000
258.107342,516.730899,2011-06-09,520.000867,515.64089,520.000867,GOOG,3390700
259.326105,519.170862,2011-06-08,521.240913,515.780878,516.530872,GOOG,3319100
259.256181,519.030874,2011-06-07,524.630897,518.990868,522.890876,GOOG,3829400
260.270189,521.060919,2011-06-06,526.820902,519.250873,523.540887,GOOG,3898600
261.279179,523.080917,2011-06-03,527.600916,521.500917,522.000893,GOOG,3510000
263.766677,528.060886,2011-06-02,530.300883,522.480897,527.570897,GOOG,4425500
262.537907,525.60089,2011-06-01,533.200939,525.310928,528.040914,GOOG,5933900
264.246201,529.020894,2011-05-31,529.050913,523.500882,525.00087,GOOG,5394600
260.190258,520.900897,2011-05-27,521.79088,516.300887,518.480907,GOOG,3504500
258.806646,518.130905,2011-05-26,522.120909,515.000864,517.700893,GOOG,4252800
259.575874,519.670899,2011-05-25,522.770921,517.250909,517.330858,GOOG,2612900
258.871582,518.260907,2011-05-24,523.960913,518.150877,520.370902,GOOG,3814100
258.936518,518.39091,2011-05-23,520.000867,513.400893,516.600897,GOOG,4617100
261.753685,524.030877,2011-05-20,531.990913,523.130908,531.800933,GOOG,4652300
265.360092,531.250905,2011-05-19,536.540932,529.720897,532.730921,GOOG,4955800
264.640806,529.810894,2011-05-18,530.330903,525.700873,529.540903,GOOG,3921000
264.965487,530.460905,2011-05-17,531.220885,515.030884,515.430877,GOOG,6631900
258.951482,518.420868,2011-05-16,527.270887,516.40087,526.310879,GOOG,5938500
264.510934,529.550889,2011-05-13,535.92094,529.050913,534.610931,GOOG,4233100
267.258206,535.050929,2011-05-12,536.940925,530.910889,535.240909,GOOG,2907300
267.458003,535.450922,2011-05-11,543.550947,533.690929,540.140929,GOOG,4695000
271.059392,542.660903,2011-05-10,544.430943,537.540945,540.000941,GOOG,4101000
268.571895,537.680933,2011-05-09,538.490905,531.10093,535.000938,GOOG,3911900
267.383091,535.300948,2011-05-06,541.460924,535.180931,538.150951,GOOG,4127600
266.868589,534.270915,2011-05-05,539.420954,531.500923,533.860937,GOOG,4010400
267.627841,535.790937,2011-05-04,539.000928,533.020884,535.170945,GOOG,4249800
266.678769,533.890895,2011-05-03,542.010953,529.6309,537.130904,GOOG,4178500
269.011453,538.56093,2011-05-02,545.730966,537.120918,545.700947,GOOG,4283300
271.778678,544.100914,2011-04-29,544.100914,538.510938,540.000941,GOOG,8488600
268.716731,537.970896,2011-04-28,539.250946,534.080936,538.060893,GOOG,4014800
268.61186,537.760944,2011-04-27,538.110945,534.350926,538.000915,GOOG,4613900
266.144315,532.820918,2011-04-26,537.4409,525.210883,526.520892,GOOG,7026100
262.263198,525.050923,2011-04-25,527.000896,522.010879,525.250889,GOOG,3273700
262.288169,525.100915,2011-04-21,528.280886,522.3909,527.490886,GOOG,4958600
262.602843,525.730893,2011-04-20,526.820902,521.390887,525.9009,GOOG,6142900
260.504933,521.530875,2011-04-19,530.880931,520.900897,529.950882,GOOG,5388200
263.15728,526.840874,2011-04-18,527.660894,519.000916,526.420909,GOOG,10117300
265.085383,530.700938,2011-04-15,545.750938,530.060912,545.290906,GOOG,28192500
288.966515,578.510962,2011-04-14,579.450998,572.100968,575.191003,GOOG,10953400
287.852654,576.281013,2011-04-13,577.601008,571.750966,575.510985,GOOG,4154200
285.020462,570.610965,2011-04-12,576.910991,568.050986,575.000962,GOOG,4186700
288.397084,577.370961,2011-04-11,578.100984,573.000998,576.201002,GOOG,3730300
288.791689,578.160961,2011-04-08,584.890999,578.060978,584.890999,GOOG,3817800
289.710772,580.000965,2011-04-07,580.64099,574.19099,575.730984,GOOG,5081900
286.803698,574.181004,2011-04-06,575.160984,568.000995,572.180978,GOOG,5356500
284.261241,569.091004,2011-04-05,581.490968,565.680987,581.080989,GOOG,12140200
293.546965,587.681025,2011-04-04,594.741031,583.100987,593.00101,GOOG,4124300
295.604911,591.801031,2011-04-01,595.191015,588.760987,588.760987,GOOG,5245900
293.087424,586.761023,2011-03-31,588.161028,581.740986,583.001004,GOOG,4073900
290.629855,581.840969,2011-03-30,585.501005,580.581013,584.380976,GOOG,2855200
290.574925,581.731,2011-03-29,581.891022,573.010984,576.000975,GOOG,3221600
287.393112,575.361011,2011-03-28,584.990982,574.710999,582.071016,GOOG,4453300
289.58093,579.741022,2011-03-25,586.910997,579.240985,586.880978,GOOG,5738200
293.15236,586.891025,2011-03-24,588.391014,578.800986,585.43098,GOOG,4213000
290.789717,582.161012,2011-03-23,582.450975,572.000985,575.191003,GOOG,3645900
288.372113,577.32097,2011-03-22,579.230999,572.511008,577.270978,GOOG,3787800
287.962543,576.501012,2011-03-21,579.800999,569.020979,570.220958,GOOG,6064400
280.250221,561.060943,2011-03-18,567.990947,559.740948,564.640968,GOOG,6621800
280.400077,561.360953,2011-03-17,569.000946,560.540934,564.480947,GOOG,5820200
278.272207,557.100958,2011-03-16,569.791007,551.280936,568.010981,GOOG,7625300
284.495984,569.560961,2011-03-15,571.000972,555.500926,557.500951,GOOG,8041200
284.710776,569.990973,2011-03-14,578.290963,568.020967,572.80097,GOOG,5653200
288.067414,576.710964,2011-03-11,580.000965,573.330966,578.221,GOOG,6086600
289.860627,580.300975,2011-03-10,586.621034,579.450998,585.441028,GOOG,6279500
295.589916,591.771012,2011-03-09,594.511046,585.751024,591.000984,GOOG,4318100
295.859637,592.310993,2011-03-08,597.981041,590.200998,592.931046,GOOG,4586800
295.534986,591.661043,2011-03-07,603.691033,587.000994,600.551006,GOOG,6951300
300.010505,600.621031,2011-03-04,608.98106,600.201004,608.331048,GOOG,6044500
304.476047,609.561046,2011-03-03,611.491047,605.001042,606.381014,GOOG,3905000
300.095424,600.791038,2011-03-02,606.001054,595.191015,599.801011,GOOG,4068500
300.080429,600.761019,2011-03-01,619.221037,599.301036,617.781087,GOOG,6671200
306.394144,613.401076,2011-02-28,616.49105,608.011066,610.001045,GOOG,4580000
304.715809,610.04105,2011-02-25,614.721071,609.501069,611.861021,GOOG,3879200
304.106413,608.821038,2011-02-24,613.09108,601.351053,611.391064,GOOG,5443700
305.355165,611.321039,2011-02-23,614.701038,604.001029,610.331074,GOOG,5800700
304.800728,610.211058,2011-02-22,624.93109,607.771034,620.03107,GOOG,7307000
314.725808,630.081068,2011-02-18,631.181063,624.181096,626.001067,GOOG,6459800
312.318211,625.261058,2011-02-17,627.251098,620.281089,621.251082,GOOG,2968600
311.798721,624.22104,2011-02-16,626.501104,622.101059,625.631093,GOOG,3380500
311.763774,624.151076,2011-02-15,630.091054,623.101072,627.321061,GOOG,4199500
313.761772,628.151067,2011-02-14,629.641069,620.041056,623.341043,GOOG,4271800
311.9386,624.501078,2011-02-11,625.001054,613.001022,613.791083,GOOG,5199100
307.912617,616.441059,2011-02-10,617.501049,611.561072,613.901052,GOOG,4686200
307.942576,616.501036,2011-02-09,619.451083,612.341024,616.871071,GOOG,3698700
308.881641,618.381046,2011-02-08,619.631077,614.511058,614.931084,GOOG,3402400
306.838691,614.291059,2011-02-07,618.391032,609.211045,610.161066,GOOG,3612500
305.185327,610.981024,2011-02-04,611.441056,606.61106,610.151019,GOOG,3113200
304.770739,610.151019,2011-02-03,611.451042,606.131057,609.481035,GOOG,3001300
305.69484,612.00107,2011-02-02,614.34105,607.531062,611.001057,GOOG,3534500
305.215316,611.041063,2011-02-01,613.351023,603.111046,604.491018,GOOG,5511000
299.880632,600.361026,2011-01-31,604.471046,595.551003,603.601036,GOOG,5630800
300.195307,600.991004,2011-01-28,620.361038,599.761006,619.071063,GOOG,8493800
308.087443,616.79106,2011-01-27,619.701041,613.25104,617.891056,GOOG,4053400
307.942576,616.501036,2011-01-26,622.491066,615.281085,620.33108,GOOG,4091400
309.645881,619.911054,2011-01-25,620.691067,606.521064,608.201046,GOOG,7320800
305.235299,611.081068,2011-01-24,612.49106,601.231037,607.571068,GOOG,9232700
305.609921,611.831063,2011-01-21,641.731098,611.361045,639.581098,GOOG,17875500
313.072475,626.771094,2011-01-20,634.081058,623.291052,632.211096,GOOG,11012600
315.559972,631.751064,2011-01-19,642.961096,629.661103,642.121105,GOOG,6837700
319.496049,639.631089,2011-01-18,641.991102,625.271044,626.061044,GOOG,7261000
311.778769,624.181096,2011-01-14,624.271093,617.081084,617.401066,GOOG,4748900
308.037501,616.691077,2011-01-13,619.671083,614.161056,616.971054,GOOG,2677900
308.127408,616.871071,2011-01-12,619.351039,614.771062,619.351039,GOOG,3277500
307.697825,616.011046,2011-01-11,618.801072,614.501072,617.711062,GOOG,2889300
306.798725,614.211048,2011-01-10,615.391054,608.561033,614.801082,GOOG,3170100
307.912617,616.441059,2011-01-07,618.251043,610.131047,615.911064,GOOG,4218100
306.444085,613.501059,2011-01-06,618.431037,610.051036,610.681075,GOOG,4131000
304.231297,609.071056,2011-01-05,610.331074,600.05103,600.071002,GOOG,5083500
300.75975,602.121019,2011-01-04,606.181048,600.121055,605.621034,GOOG,3662600
301.873641,604.35103,2011-01-03,605.591014,596.481052,596.481052,GOOG,4748100
296.688813,593.971003,2010-12-31,598.421039,592.031016,596.740995,GOOG,3090000
299.131387,598.861037,2010-12-30,601.331019,597.391007,598.001013,GOOG,1986300
300.200325,601.001051,2010-12-29,602.411043,598.921015,602.001003,GOOG,2046000
299.161346,598.921015,2010-12-28,603.871026,598.010999,602.051056,GOOG,2137500
300.889622,602.381024,2010-12-27,603.781029,599.501001,602.741011,GOOG,2425200
301.813693,604.231014,2010-12-23,606.001054,602.031022,605.341057,GOOG,2229900
302.443073,605.491031,2010-12-22,607.001067,603.281054,604.001029,GOOG,2424000
301.234286,603.071041,2010-12-21,604.721065,597.611006,598.571013,GOOG,3773000
297.233273,595.061013,2010-12-20,597.880997,588.661004,594.651034,GOOG,3961300
295.105404,590.801018,2010-12-17,592.561011,587.670977,591.000984,GOOG,6197200
295.559957,591.711034,2010-12-16,593.771037,588.071031,592.851035,GOOG,3205600
294.855666,590.301042,2010-12-15,596.451033,589.150994,594.200988,GOOG,4351600
297.158361,594.911039,2010-12-14,598.291037,592.481001,597.090997,GOOG,3298800
297.013494,594.621015,2010-12-13,603.001016,594.091019,597.121016,GOOG,4814800
295.809695,592.21101,2010-12-10,593.991037,590.290995,593.140998,GOOG,3422100
295.455055,591.501021,2010-12-09,595.581022,589.00102,593.881006,GOOG,3751700
294.975531,590.541014,2010-12-08,592.521006,583.69102,591.971039,GOOG,3526900
293.277214,587.140982,2010-12-07,593.00101,586.000981,591.271036,GOOG,6107100
288.891602,578.360988,2010-12-06,582.000991,576.610981,580.570966,GOOG,4203200
286.214284,573.000998,2010-12-03,576.480979,568.000995,569.450992,GOOG,5282000
285.624871,571.820991,2010-12-02,573.330966,565.350957,568.660992,GOOG,5114800
281.893579,564.350945,2010-12-01,571.570972,562.400972,563.000991,GOOG,7536300
277.577891,555.710939,2010-11-30,574.320992,553.31092,574.320992,GOOG,14288100
290.764746,582.111021,2010-11-29,589.801005,579.950974,589.171027,GOOG,5740800
294.70581,590.001032,2010-11-26,592.981038,587.000994,590.461003,GOOG,2632000
297.18832,594.971016,2010-11-24,596.601007,587.050985,587.31099,GOOG,4810600
291.214281,583.01099,2010-11-23,589.011006,578.200966,587.01098,GOOG,4341300
295.315176,591.220983,2010-11-22,593.441008,582.750985,587.471012,GOOG,4389500
295.120398,590.831038,2010-11-19,597.891044,590.340987,597.001,GOOG,4612100
297.982518,596.561002,2010-11-18,599.981005,588.561021,589.00102,GOOG,5199300
291.484001,583.550971,2010-11-17,589.500995,581.371013,585.001029,GOOG,4903200
291.56892,583.720979,2010-11-16,597.891044,583.450988,592.761038,GOOG,6639500
297.438058,595.470992,2010-11-15,604.001029,594.051014,603.081027,GOOG,6983800
301.344176,603.29104,2010-11-12,616.901029,601.211003,613.991049,GOOG,6811300
308.287239,617.191053,2010-11-11,619.851076,614.211048,619.701041,GOOG,4540100
311.129407,622.881073,2010-11-10,623.001089,617.511035,622.081087,GOOG,5012600
312.098432,624.82106,2010-11-09,630.851095,620.511074,630.001057,GOOG,4491000
313.072475,626.771094,2010-11-08,629.491095,623.131091,624.021074,GOOG,4218300
312.228304,625.081064,2010-11-05,625.491043,621.111094,623.181083,GOOG,3544600
311.823723,624.271093,2010-11-04,629.921107,622.101059,624.641066,GOOG,7168300
309.780741,620.181044,2010-11-03,621.831069,613.501059,617.501049,GOOG,6786200
307.493041,615.601068,2010-11-02,620.001051,614.581083,618.67107,GOOG,4010000
307.19333,615.001048,2010-11-01,620.661048,611.211071,615.73107,GOOG,6197200
306.543968,613.701025,2010-10-29,619.001038,612.991036,617.071037,GOOG,4573600
308.981555,618.581073,2010-10-28,621.001063,613.301032,620.051042,GOOG,4384900
307.927611,616.471078,2010-10-27,620.001051,612.331038,615.771075,GOOG,4500500
308.991531,618.601045,2010-10-26,621.231049,611.031077,613.101066,GOOG,5044600
307.942576,616.501036,2010-10-25,624.741049,614.971028,615.591082,GOOG,6340400
305.959573,612.531065,2010-10-22,614.821054,610.051036,611.921059,GOOG,4529100
305.689822,611.991023,2010-10-21,616.00106,606.001054,611.511019,GOOG,5862800
303.686837,607.981047,2010-10-20,617.381033,607.501043,608.141068,GOOG,7076500
303.611924,607.831072,2010-10-19,614.821054,602.861027,608.851057,GOOG,9210100
308.546984,617.711062,2010-10-18,619.691055,600.551006,600.551006,GOOG,14249500
300.425093,601.451036,2010-10-15,601.641015,591.601004,599.271016,GOOG,29760600
270.195269,540.930929,2010-10-14,545.250962,537.110932,544.180925,GOOG,13317800
271.379085,543.300928,2010-10-13,547.490959,542.330935,547.000908,GOOG,6134000
270.425025,541.390899,2010-10-12,545.990909,537.790902,540.120896,GOOG,7535300
269.151302,538.840906,2010-10-11,544.600951,537.17091,538.480919,GOOG,5272200
267.907538,536.350891,2010-10-08,537.600922,527.620888,532.770927,GOOG,5739800
264.74072,530.010921,2010-10-07,537.200929,529.14091,536.210902,GOOG,4809400
266.908555,534.350926,2010-10-06,539.950949,529.940896,539.260932,GOOG,5545200
268.846604,538.2309,2010-10-05,540.000941,526.550912,528.38093,GOOG,7040400
260.914533,522.350894,2010-10-04,528.250927,518.85088,524.950879,GOOG,3895400
262.547914,525.620924,2010-10-01,530.620927,523.000906,530.000935,GOOG,4466600
262.632833,525.790931,2010-09-30,531.870897,518.920905,529.160882,GOOG,6512400
263.581875,527.690913,2010-09-29,532.940935,524.710908,527.850935,GOOG,4360600
263.32213,527.170904,2010-09-28,533.590885,518.450887,533.480916,GOOG,7336700
264.940516,530.410914,2010-09-27,536.850928,528.850886,528.850886,GOOG,6238000
263.382078,527.29092,2010-09-24,527.830901,518.260907,521.740888,GOOG,6738900
256.483953,513.480873,2010-09-23,519.690871,511.300884,514.610857,GOOG,4652100
257.742696,516.000877,2010-09-22,517.780904,511.680874,512.860881,GOOG,5093100
256.473961,513.46087,2010-09-21,519.980895,508.910882,509.680879,GOOG,8966000
253.88655,508.280873,2010-09-20,510.410871,492.060852,492.500851,GOOG,8840000
244.830596,490.150854,2010-09-17,491.200828,481.180819,483.750815,GOOG,11325400
240.290127,481.060833,2010-09-16,482.450822,479.410809,479.950821,GOOG,3953700
240.080339,480.640838,2010-09-15,481.890839,478.500824,479.950821,GOOG,4823600
239.975437,480.430825,2010-09-14,484.750828,480.080823,482.010824,GOOG,4449500
240.89452,482.270829,2010-09-13,484.350835,479.530825,480.900812,GOOG,4499700
237.832573,476.140811,2010-09-10,479.79083,475.08082,479.020833,GOOG,3963300
237.852555,476.180816,2010-09-09,480.400836,470.580793,477.83081,GOOG,4879300
235.055341,470.580793,2010-09-08,472.500808,464.510783,465.190783,GOOG,4821600
231.968423,464.400783,2010-09-07,467.590802,463.02078,464.500797,GOOG,3432500
234.915493,470.300816,2010-09-03,471.880816,467.440797,470.520815,GOOG,5099700
231.359042,463.180802,2010-09-02,464.430803,460.310796,462.840787,GOOG,3380900
229.935464,460.330799,2010-09-01,464.940795,452.500765,454.980795,GOOG,6480700
224.785598,450.020766,2010-08-31,454.870795,448.000768,450.110763,GOOG,3908100
226.119268,452.690775,2010-08-30,459.760798,452.420785,459.150792,GOOG,2471900
229.186204,458.83078,2010-08-27,459.990784,447.650767,452.560773,GOOG,4642100
225.265122,450.980774,2010-08-26,457.260797,450.440762,456.060788,GOOG,3567200
227.083305,454.620776,2010-08-25,457.810795,450.000764,450.000764,GOOG,5203500
225.469922,451.390783,2010-08-24,458.370779,450.920766,457.700795,GOOG,5546000
231.803589,464.070785,2010-08-23,468.250799,457.730784,461.500789,GOOG,5994700
230.779619,462.020798,2010-08-20,471.590822,461.020785,467.970792,GOOG,7864500
233.751644,467.970792,2010-08-19,482.510831,467.250786,481.010811,GOOG,7879300
240.834572,482.150812,2010-08-18,490.870829,481.550823,490.440847,GOOG,5392800
245.015398,490.520828,2010-08-17,494.700842,486.030848,488.530849,GOOG,3795400
242.552857,485.590819,2010-08-16,489.870847,480.500819,483.680821,GOOG,2619700
242.932482,486.35083,2010-08-13,491.190842,486.010845,489.000836,GOOG,3883800
245.759655,492.01083,2010-08-12,494.750834,482.510831,483.940825,GOOG,4425700
245.624795,491.74084,2010-08-11,498.00086,491.500838,497.730839,GOOG,4462600
251.603822,503.710852,2010-08-10,506.000871,498.570861,502.350852,GOOG,4163400
252.423007,505.35086,2010-08-09,505.500865,501.360856,502.250869,GOOG,3758300
249.860567,500.220854,2010-08-06,505.740867,496.050856,505.400882,GOOG,6663800
253.796643,508.10088,2010-08-05,508.600886,503.560878,505.890872,GOOG,4858900
252.907519,506.320853,2010-08-04,507.000884,491.050853,492.180838,GOOG,7653500
244.67075,489.830841,2010-08-03,492.460845,486.760839,490.500856,GOOG,3618100
244.960454,490.410828,2010-08-02,493.280834,486.940833,488.99085,GOOG,3731300
242.183237,484.850841,2010-07-30,487.360829,479.140818,479.650811,GOOG,4304100
242.253162,484.990829,2010-07-29,488.880851,479.330829,485.950837,GOOG,5371000
241.933484,484.350835,2010-07-28,495.25084,482.670822,494.940844,GOOG,5010600
246.069357,492.630853,2010-07-27,497.500854,490.170826,490.580836,GOOG,4920700
244.241183,488.970848,2010-07-26,490.750843,484.88083,489.090833,GOOG,4005200
244.785628,490.060827,2010-07-23,490.590852,480.010829,480.770809,GOOG,4545700
242.163255,484.810836,2010-07-22,488.980834,482.480842,483.230836,GOOG,4311400
238.511894,477.500811,2010-07-21,485.700818,475.430822,484.000833,GOOG,6583700
240.554859,481.590829,2010-07-20,482.990834,460.60079,461.030802,GOOG,8139300
232.857547,466.18081,2010-07-19,469.650805,457.520771,461.010799,GOOG,9134700
229.575821,459.610793,2010-07-16,470.560821,459.520797,469.12081,GOOG,15708200
246.763657,494.020842,2010-07-15,494.700842,482.680838,491.730854,GOOG,9752800
245.424998,491.340847,2010-07-14,493.830832,486.460829,489.880833,GOOG,6259300
244.35606,489.200833,2010-07-13,492.99084,480.28082,482.250826,GOOG,7982300
237.67773,475.830815,2010-07-12,479.440828,471.080799,472.370806,GOOG,6693700
233.511882,467.490788,2010-07-09,473.260819,462.780778,471.960796,GOOG,8695400
228.052345,456.560794,2010-07-08,457.330791,449.660779,453.550769,GOOG,5357700
224.875504,450.20076,2010-07-07,451.29077,435.380745,438.310758,GOOG,6282800
217.817563,436.070761,2010-07-06,447.67077,433.630737,444.000748,GOOG,5139300
218.05731,436.550735,2010-07-02,442.28076,436.000737,441.620762,GOOG,3886400
219.525857,439.490765,2010-07-01,448.400761,433.630737,445.290754,GOOG,7053500
222.253131,444.950769,2010-06-30,457.830797,444.720753,454.960792,GOOG,7233400
226.903491,454.260789,2010-06-29,464.550788,451.120762,463.440807,GOOG,7030400
235.804602,472.080812,2010-06-28,477.550833,469.01081,472.590805,GOOG,3537700
236.104296,472.680802,2010-06-25,477.650816,470.560821,477.060813,GOOG,4507100
237.313098,475.100823,2010-06-24,482.750832,473.260819,479.660828,GOOG,3801300
240.78463,482.05083,2010-06-23,486.890842,478.160808,486.890842,GOOG,4073300
242.882541,486.250847,2010-06-22,496.600854,485.730838,489.900836,GOOG,4456000
244.036383,488.560838,2010-06-21,500.970849,484.890846,499.900872,GOOG,5989200
249.765656,500.030844,2010-06-18,503.47085,498.130862,502.510873,GOOG,5767200
249.790642,500.080866,2010-06-17,505.870869,496.690851,503.450878,GOOG,3969300
250.385044,501.270859,2010-06-16,504.000876,496.110865,496.170842,GOOG,4595600
248.746675,497.990843,2010-06-15,500.400848,482.180832,483.080831,GOOG,8551100
241.354061,483.190831,2010-06-14,494.500846,483.190831,494.480843,GOOG,4096000
244.006409,488.50083,2010-06-11,488.710843,481.620817,482.500814,GOOG,3576600
243.262151,487.010827,2010-06-10,488.50083,475.840831,480.370817,GOOG,5175000
236.773626,474.020799,2010-06-09,488.880851,472.000801,487.22084,GOOG,5478300
242.14826,484.780816,2010-06-08,488.840845,477.540816,487.850849,GOOG,5390200
242.517894,485.520825,2010-06-07,500.910871,483.150825,499.06085,GOOG,7292500
249.111322,498.720866,2010-06-04,509.250867,496.700837,499.720848,GOOG,7869900
252.547891,505.600878,2010-06-03,508.000866,494.700842,495.110852,GOOG,7328700
246.438992,493.370861,2010-06-02,493.870837,481.460826,486.680828,GOOG,5100500
240.944477,482.370842,2010-06-01,491.060839,480.120829,480.430825,GOOG,5353500
242.572839,485.630824,2010-05-28,493.450841,483.00082,492.740852,GOOG,5811200
244.98544,490.46085,2010-05-27,492.31084,481.050817,484.950824,GOOG,5639200
237.497916,475.470827,2010-05-26,489.760847,475.000809,482.070832,GOOG,6977200
238.297118,477.070829,2010-05-25,477.450819,464.010807,468.150816,GOOG,6057300
238.342071,477.160826,2010-05-24,489.790836,476.800808,480.730835,GOOG,8723600
235.789622,472.050823,2010-05-21,485.000846,464.400783,469.060802,GOOG,19454100
237.268145,475.010826,2010-05-20,485.580833,473.8008,485.07084,GOOG,9863400
246.968457,494.430852,2010-05-19,499.440871,487.740849,496.260839,GOOG,6917100
248.936496,498.370864,2010-05-18,510.970885,497.070841,510.000861,GOOG,5672100
253.731707,507.970877,2010-05-17,508.360884,498.350862,506.780854,GOOG,5608400
253.511928,507.530879,2010-05-14,510.990888,496.250853,509.770876,GOOG,8262800
255.185259,510.880889,2010-05-13,522.000893,510.370865,516.500914,GOOG,6676400
252.44299,505.390865,2010-05-12,512.040892,502.00085,512.040892,GOOG,7732400
254.271164,509.05087,2010-05-11,519.880912,508.220865,515.670909,GOOG,6670000
260.564881,521.650892,2010-05-10,522.820912,512.600876,513.970893,GOOG,8286800
246.324099,493.140845,2010-05-07,505.320871,481.330824,499.970866,GOOG,10216000
249.086335,498.670844,2010-05-06,517.520899,460.0008,508.750861,GOOG,10037600
254.625804,509.760859,2010-05-05,515.720901,500.470873,500.980865,GOOG,9198600
252.932505,506.370875,2010-05-04,526.740892,504.210858,526.520892,GOOG,12198000
265.035411,530.600893,2010-05-03,532.920901,525.080881,526.50092,GOOG,3729500
262.587849,525.700873,2010-04-30,537.680933,525.44093,531.130889,GOOG,4888900
265.734715,532.000899,2010-04-29,536.500926,526.670928,533.370886,GOOG,6140700
264.33112,529.190902,2010-04-28,534.83093,521.0309,532.100882,GOOG,6837700
264.266183,529.060899,2010-04-27,538.330944,527.230881,528.95093,GOOG,7718100
265.554901,531.640912,2010-04-26,544.990958,529.210935,544.970924,GOOG,8770300
272.223256,544.990958,2010-04-23,549.320916,542.270957,547.250927,GOOG,4194300
273.257216,547.060947,2010-04-22,552.500948,543.35092,552.000973,GOOG,6585900
276.8736,554.300947,2010-04-21,560.250971,552.160933,556.460933,GOOG,4800800
277.243234,555.040955,2010-04-20,559.660938,551.060937,554.170945,GOOG,5977000
274.775689,550.10093,2010-04-19,553.990951,545.000944,548.750915,GOOG,7817100
274.80066,550.150921,2010-04-16,568.810966,549.630912,563.000991,GOOG,24562600
297.35317,595.301045,2010-04-15,597.841052,588.291031,592.171005,GOOG,13574200
294.206303,589.00102,2010-04-14,592.341012,584.011003,590.06101,GOOG,6830900
293.092412,586.771009,2010-04-13,588.881003,571.130974,572.53098,GOOG,7853900
286.079424,572.731007,2010-04-12,574.00101,566.220968,567.350983,GOOG,4722400
282.827656,566.220968,2010-04-09,568.770961,564.000943,567.490971,GOOG,4128600
283.462024,567.490971,2010-04-08,569.850985,560.050944,563.320974,GOOG,3909500
281.488997,563.540973,2010-04-07,568.750989,561.86099,567.300992,GOOG,5181200
283.82667,568.220994,2010-04-06,570.891003,565.400949,569.460978,GOOG,4135600
285.220259,571.010958,2010-04-05,574.881007,569.000946,570.900989,GOOG,3817200
284.116374,568.80098,2010-04-01,573.450982,565.550984,571.350973,GOOG,4221100
283.277222,567.120998,2010-03-31,569.740954,562.81095,565.050947,GOOG,6084200
283.072406,566.710958,2010-03-30,567.63096,560.280991,562.830984,GOOG,3970500
280.944537,562.450963,2010-03-29,564.720979,560.570953,563.000991,GOOG,6232200
281.064433,562.690995,2010-03-26,567.390989,560.020986,565.270947,GOOG,5412500
281.159328,562.880975,2010-03-25,572.000985,558.660986,559.020973,GOOG,7891200
278.387085,557.330944,2010-03-24,559.850979,539.700931,545.510906,GOOG,13179500
274.226241,549.000934,2010-03-23,558.310984,542.000905,557.040981,GOOG,11043800
278.472004,557.500951,2010-03-22,566.850946,554.280975,556.110932,GOOG,8039600
279.720756,560.000953,2010-03-19,568.000995,557.280952,560.000953,GOOG,9624200
282.917563,566.400962,2010-03-18,568.440993,562.960986,564.720979,GOOG,3567600
282.497987,565.56097,2010-03-17,571.450956,564.250962,568.301005,GOOG,6668000
282.318173,565.200983,2010-03-16,568.420959,560.760933,561.830971,GOOG,6888600
281.309183,563.180985,2010-03-15,569.450992,556.000963,566.681,GOOG,9342600
289.481016,579.540995,2010-03-12,588.280983,579.160974,588.140995,GOOG,5527400
290.280203,581.140966,2010-03-11,586.210994,574.200976,574.261015,GOOG,8498200
287.937542,576.450959,2010-03-10,578.500976,562.210992,563.760972,GOOG,11352100
279.815651,560.190933,2010-03-09,564.660941,556.500939,559.850979,GOOG,6376900
280.959532,562.480982,2010-03-08,565.18095,561.010952,564.780957,GOOG,4790600
281.823654,564.210956,2010-03-05,567.670965,559.90097,561.350967,GOOG,7853700
277.018467,554.590971,2010-03-04,556.130965,546.200922,546.500932,GOOG,6391300
272.388075,545.320926,2010-03-03,548.120937,539.250946,542.360954,GOOG,6201800
270.260205,541.060931,2010-03-02,545.660941,535.010924,535.480941,GOOG,8746200
266.079379,532.690916,2010-03-01,533.290936,527.740904,529.200888,GOOG,4492500
263.137328,526.80093,2010-02-26,531.750942,523.48091,527.420922,GOOG,4113800
262.952495,526.430896,2010-02-25,528.490899,520.000867,527.120912,GOOG,6643100
265.469982,531.470904,2010-02-24,538.440913,530.510897,533.980892,GOOG,4670500
267.268182,535.070901,2010-02-23,543.630957,532.290923,543.000918,GOOG,5766600
271.129347,542.800952,2010-02-22,547.500945,541.000954,547.35091,GOOG,4305100
270.11035,540.760921,2010-02-19,544.03095,539.700931,540.530936,GOOG,5125300
271.339119,543.220917,2010-02-18,545.01093,536.140939,537.540945,GOOG,4691200
268.836627,538.210928,2010-02-17,543.400911,537.610908,542.000905,GOOG,4074500
270.380071,541.300902,2010-02-16,544.130933,534.300935,536.8709,GOOG,7336100
266.29417,533.120928,2010-02-12,537.150938,530.50091,532.970893,GOOG,4576400
267.932539,536.400943,2010-02-11,540.490931,529.500898,533.320894,GOOG,4838000
266.958496,534.450909,2010-02-10,537.790902,527.690913,534.070888,GOOG,5369000
267.952522,536.440949,2010-02-09,541.530949,535.070901,539.540909,GOOG,5660200
266.468996,533.47093,2010-02-08,542.000905,531.530881,532.500936,GOOG,5408700
265.380075,531.29091,2010-02-05,533.500888,522.460925,528.400902,GOOG,6335600
263.127321,526.780897,2010-02-04,538.000915,525.560885,537.000902,GOOG,6780600
270.140309,540.820899,2010-02-03,542.100949,528.230894,528.670892,GOOG,6020500
265.295156,531.120903,2010-02-02,534.960932,527.610902,534.960932,GOOG,8223000
266.244198,533.020884,2010-02-01,535.81091,530.300883,534.600945,GOOG,4518400
264.705742,529.940896,2010-01-29,540.990906,525.610876,538.490905,GOOG,8311900
266.878565,534.290888,2010-01-28,547.000908,530.600893,544.490921,GOOG,6482300
270.779695,542.100949,2010-01-27,547.65092,535.310934,541.270944,GOOG,7958400
270.939526,542.420931,2010-01-26,549.600954,536.290913,537.970896,GOOG,8743600
269.73074,540.000941,2010-01-25,549.880931,535.5109,546.590929,GOOG,8872800
274.730736,550.010933,2010-01-22,570.600979,534.860888,564.50098,GOOG,13651700
291.199286,582.98097,2010-01-21,586.821,572.251003,583.441002,GOOG,12662600
289.915587,580.411005,2010-01-20,585.981009,575.290986,585.981009,GOOG,6525700
293.516976,587.620986,2010-01-19,590.420997,576.290999,581.201005,GOOG,8665700
289.710772,580.000965,2010-01-15,593.561024,578.041006,593.341025,GOOG,10909600
294.630868,589.850997,2010-01-14,594.200988,582.811024,583.900972,GOOG,8511900
293.252243,587.090991,2010-01-13,588.381027,573.900966,576.490965,GOOG,13041800
294.945572,590.481036,2010-01-12,598.161034,588.001007,597.651011,GOOG,9742900
300.255255,601.11102,2010-01-11,604.46106,594.041028,604.46106,GOOG,14479800
300.709808,602.021036,2010-01-08,603.251034,589.110988,592.000997,GOOG,9483900
296.753749,594.101005,2010-01-07,610.001045,592.651008,609.401025,GOOG,12876600
303.826685,608.261023,2010-01-06,625.861078,606.361042,625.861078,GOOG,7987100
311.683844,623.991055,2010-01-05,627.841071,621.541045,627.181073,GOOG,6031900
313.062468,626.751061,2010-01-04,629.511067,624.241073,626.951088,GOOG,3927000
